WEEK,REGION,COUNTRY,ADMIN1,EVENT_TYPE,SUB_EVENT_TYPE,EVENTS,FATALITIES,POPULATION_EXPOSURE,DISORDER_TYPE,ID,CENTROID_LATITUDE,CENTROID_LONGITUDE
2023-10-07,Middle East,Yemen,Abyan,Battles,Armed clash,3,0,13179.0,Political violence,3674.0,13.6274,46.228
2023-10-14,Middle East,Yemen,Abyan,Battles,Armed clash,4,1,49509.0,Political violence,3674.0,13.6274,46.228
2023-10-21,Middle East,Yemen,Abyan,Battles,Armed clash,5,0,26577.0,Political violence,3674.0,13.6274,46.228
2023-10-28,Middle East,Yemen,Abyan,Battles,Armed clash,5,5,36596.0,Political violence,3674.0,13.6274,46.228
2023-11-04,Middle East,Yemen,Abyan,Battles,Armed clash,2,0,,Political violence,3674.0,13.6274,46.228
2023-11-11,Middle East,Yemen,Abyan,Battles,Armed clash,4,0,,Political violence,3674.0,13.6274,46.228
2023-11-18,Middle East,Yemen,Abyan,Battles,Armed clash,4,0,91.0,Political violence,3674.0,13.6274,46.228
2023-11-25,Middle East,Yemen,Abyan,Battles,Armed clash,4,0,,Political violence,3674.0,13.6274,46.228
2023-12-02,Middle East,Yemen,Abyan,Battles,Armed clash,5,0,,Political violence,3674.0,13.6274,46.228
2023-12-09,Middle East,Yemen,Abyan,Battles,Armed clash,5,0,,Political violence,3674.0,13.6274,46.228
2024-01-27,Middle East,Yemen,Abyan,Battles,Armed clash,6,0,75813.0,Political violence,3674.0,13.6274,46.228
2024-02-03,Middle East,Yemen,Abyan,Battles,Armed clash,7,2,65793.0,Political violence,3674.0,13.6274,46.228
2024-02-10,Middle East,Yemen,Abyan,Battles,Armed clash,5,0,26584.0,Political violence,3674.0,13.6274,46.228
2024-02-17,Middle East,Yemen,Abyan,Battles,Armed clash,6,0,88528.0,Political violence,3674.0,13.6274,46.228
2024-02-24,Middle East,Yemen,Abyan,Battles,Armed clash,5,1,65490.0,Political violence,3674.0,13.6274,46.228
2024-03-02,Middle East,Yemen,Abyan,Battles,Armed clash,3,12,488.0,Political violence,3674.0,13.6274,46.228
2024-03-09,Middle East,Yemen,Abyan,Battles,Armed clash,6,2,91371.0,Political violence,3674.0,13.6274,46.228
2024-03-23,Middle East,Yemen,Abyan,Battles,Armed clash,5,5,48151.0,Political violence,3674.0,13.6274,46.228
2024-03-30,Middle East,Yemen,Abyan,Battles,Armed clash,2,3,47487.0,Political violence,3674.0,13.6274,46.228
2024-04-06,Middle East,Yemen,Abyan,Battles,Armed clash,4,0,18628.0,Political violence,3674.0,13.6274,46.228
2024-04-13,Middle East,Yemen,Abyan,Battles,Armed clash,9,4,107278.0,Political violence,3674.0,13.6274,46.228
2024-04-20,Middle East,Yemen,Abyan,Battles,Armed clash,3,0,11439.0,Political violence,3674.0,13.6274,46.228
2024-04-27,Middle East,Yemen,Abyan,Battles,Armed clash,5,1,63948.0,Political violence,3674.0,13.6274,46.228
2024-05-04,Middle East,Yemen,Abyan,Battles,Armed clash,4,0,36352.0,Political violence,3674.0,13.6274,46.228
2024-05-11,Middle East,Yemen,Abyan,Battles,Armed clash,5,0,36445.0,Political violence,3674.0,13.6274,46.228
2024-05-18,Middle East,Yemen,Abyan,Battles,Armed clash,4,0,36352.0,Political violence,3674.0,13.6274,46.228
2024-05-25,Middle East,Yemen,Abyan,Battles,Armed clash,6,0,36445.0,Political violence,3674.0,13.6274,46.228
2024-06-01,Middle East,Yemen,Abyan,Battles,Armed clash,7,0,37539.0,Political violence,3674.0,13.6274,46.228
2024-06-08,Middle East,Yemen,Abyan,Battles,Armed clash,5,0,42097.0,Political violence,3674.0,13.6274,46.228
2024-06-15,Middle East,Yemen,Abyan,Battles,Armed clash,6,0,36445.0,Political violence,3674.0,13.6274,46.228
2024-06-22,Middle East,Yemen,Abyan,Battles,Armed clash,8,2,82540.0,Political violence,3674.0,13.6274,46.228
2024-06-29,Middle East,Yemen,Abyan,Battles,Armed clash,3,0,22835.0,Political violence,3674.0,13.6274,46.228
2024-07-06,Middle East,Yemen,Abyan,Battles,Armed clash,7,0,37890.0,Political violence,3674.0,13.6274,46.228
2024-07-13,Middle East,Yemen,Abyan,Battles,Armed clash,6,7,39018.0,Political violence,3674.0,13.6274,46.228
2024-07-20,Middle East,Yemen,Abyan,Battles,Armed clash,5,4,50048.0,Political violence,3674.0,13.6274,46.228
2024-07-27,Middle East,Yemen,Abyan,Battles,Armed clash,2,0,11340.0,Political violence,3674.0,13.6274,46.228
2024-08-03,Middle East,Yemen,Abyan,Battles,Armed clash,2,10,396.0,Political violence,3674.0,13.6274,46.228
2024-08-10,Middle East,Yemen,Abyan,Battles,Armed clash,2,0,11340.0,Political violence,3674.0,13.6274,46.228
2024-08-17,Middle East,Yemen,Abyan,Battles,Armed clash,4,16,24218.0,Political violence,3674.0,13.6274,46.228
2024-08-24,Middle East,Yemen,Abyan,Battles,Armed clash,2,3,10388.0,Political violence,3674.0,13.6274,46.228
2024-08-31,Middle East,Yemen,Abyan,Battles,Armed clash,3,0,11433.0,Political violence,3674.0,13.6274,46.228
2024-09-14,Middle East,Yemen,Abyan,Battles,Armed clash,6,14,27577.0,Political violence,3674.0,13.6274,46.228
2024-09-21,Middle East,Yemen,Abyan,Battles,Armed clash,4,0,26395.0,Political violence,3674.0,13.6274,46.228
2024-09-28,Middle East,Yemen,Abyan,Battles,Armed clash,8,0,85495.0,Political violence,3674.0,13.6274,46.228
2024-10-05,Middle East,Yemen,Abyan,Battles,Armed clash,7,1,39072.0,Political violence,3674.0,13.6274,46.228
2024-10-12,Middle East,Yemen,Abyan,Battles,Armed clash,7,5,39630.0,Political violence,3674.0,13.6274,46.228
2024-10-19,Middle East,Yemen,Abyan,Battles,Armed clash,9,0,70533.0,Political violence,3674.0,13.6274,46.228
2024-10-26,Middle East,Yemen,Abyan,Battles,Armed clash,7,0,76731.0,Political violence,3674.0,13.6274,46.228
2024-11-02,Middle East,Yemen,Abyan,Battles,Armed clash,6,0,30996.0,Political violence,3674.0,13.6274,46.228
2024-11-09,Middle East,Yemen,Abyan,Battles,Armed clash,15,9,32599.0,Political violence,3674.0,13.6274,46.228
2024-11-16,Middle East,Yemen,Abyan,Battles,Armed clash,13,9,48148.0,Political violence,3674.0,13.6274,46.228
2024-11-23,Middle East,Yemen,Abyan,Battles,Armed clash,16,0,44188.0,Political violence,3674.0,13.6274,46.228
2024-11-30,Middle East,Yemen,Abyan,Battles,Armed clash,17,16,12615.0,Political violence,3674.0,13.6274,46.228
2024-12-07,Middle East,Yemen,Abyan,Battles,Armed clash,10,22,56437.0,Political violence,3674.0,13.6274,46.228
2024-12-14,Middle East,Yemen,Abyan,Battles,Armed clash,11,9,35729.0,Political violence,3674.0,13.6274,46.228
2024-12-21,Middle East,Yemen,Abyan,Battles,Armed clash,11,0,55255.0,Political violence,3674.0,13.6274,46.228
2024-12-28,Middle East,Yemen,Abyan,Battles,Armed clash,4,0,22563.0,Political violence,3674.0,13.6274,46.228
2025-01-04,Middle East,Yemen,Abyan,Battles,Armed clash,13,0,47124.0,Political violence,3674.0,13.6274,46.228
2025-01-11,Middle East,Yemen,Abyan,Battles,Armed clash,9,3,46855.0,Political violence,3674.0,13.6274,46.228
2025-01-18,Middle East,Yemen,Abyan,Battles,Armed clash,11,7,46855.0,Political violence,3674.0,13.6274,46.228
2025-01-25,Middle East,Yemen,Abyan,Battles,Armed clash,7,3,11703.0,Political violence,3674.0,13.6274,46.228
2025-02-01,Middle East,Yemen,Abyan,Battles,Armed clash,4,0,11703.0,Political violence,3674.0,13.6274,46.228
2025-02-08,Middle East,Yemen,Abyan,Battles,Armed clash,2,0,1068.0,Political violence,3674.0,13.6274,46.228
2025-02-15,Middle East,Yemen,Abyan,Battles,Armed clash,6,2,14355.0,Political violence,3674.0,13.6274,46.228
2025-02-22,Middle East,Yemen,Abyan,Battles,Armed clash,3,2,36422.0,Political violence,3674.0,13.6274,46.228
2025-03-01,Middle East,Yemen,Abyan,Battles,Armed clash,6,0,26645.0,Political violence,3674.0,13.6274,46.228
2025-03-08,Middle East,Yemen,Abyan,Battles,Armed clash,3,0,24842.0,Political violence,3674.0,13.6274,46.228
2025-03-15,Middle East,Yemen,Abyan,Battles,Armed clash,3,0,16431.0,Political violence,3674.0,13.6274,46.228
2025-03-22,Middle East,Yemen,Abyan,Battles,Armed clash,2,0,13639.0,Political violence,3674.0,13.6274,46.228
2025-03-29,Middle East,Yemen,Abyan,Battles,Armed clash,2,0,13756.0,Political violence,3674.0,13.6274,46.228
2025-04-05,Middle East,Yemen,Abyan,Battles,Armed clash,5,1,60972.0,Political violence,3674.0,13.6274,46.228
2025-04-12,Middle East,Yemen,Abyan,Battles,Armed clash,2,0,33085.0,Political violence,3674.0,13.6274,46.228
2025-04-26,Middle East,Yemen,Abyan,Battles,Armed clash,2,1,4041.0,Political violence,3674.0,13.6274,46.228
2025-05-03,Middle East,Yemen,Abyan,Battles,Armed clash,2,1,1580.0,Political violence,3674.0,13.6274,46.228
2025-05-10,Middle East,Yemen,Abyan,Battles,Armed clash,3,3,28751.0,Political violence,3674.0,13.6274,46.228
2025-05-17,Middle East,Yemen,Abyan,Battles,Armed clash,7,7,70589.0,Political violence,3674.0,13.6274,46.228
2025-05-24,Middle East,Yemen,Abyan,Battles,Armed clash,2,0,10635.0,Political violence,3674.0,13.6274,46.228
2025-05-31,Middle East,Yemen,Abyan,Battles,Armed clash,1,2,623.0,Political violence,3674.0,13.6274,46.228
2025-06-07,Middle East,Yemen,Abyan,Battles,Armed clash,1,0,10635.0,Political violence,3674.0,13.6274,46.228
2025-06-21,Middle East,Yemen,Abyan,Battles,Armed clash,1,0,10635.0,Political violence,3674.0,13.6274,46.228
2025-06-28,Middle East,Yemen,Abyan,Battles,Armed clash,2,0,10731.0,Political violence,3674.0,13.6274,46.228
2025-07-05,Middle East,Yemen,Abyan,Battles,Armed clash,3,2,37696.0,Political violence,3674.0,13.6274,46.228
2025-07-12,Middle East,Yemen,Abyan,Battles,Armed clash,1,4,41742.0,Political violence,3674.0,13.6274,46.228
2025-07-19,Middle East,Yemen,Abyan,Battles,Armed clash,3,0,65543.0,Political violence,3674.0,13.6274,46.228
2025-08-16,Middle East,Yemen,Abyan,Battles,Armed clash,1,1,1354.0,Political violence,3674.0,13.6274,46.228
2025-08-23,Middle East,Yemen,Abyan,Battles,Armed clash,1,0,96.0,Political violence,3674.0,13.6274,46.228
2025-08-30,Middle East,Yemen,Abyan,Battles,Armed clash,1,2,96.0,Political violence,3674.0,13.6274,46.228
2025-09-06,Middle East,Yemen,Abyan,Battles,Armed clash,2,2,56558.0,Political violence,3674.0,13.6274,46.228
2025-09-13,Middle East,Yemen,Abyan,Battles,Armed clash,5,6,22588.0,Political violence,3674.0,13.6274,46.228
2025-09-20,Middle East,Yemen,Abyan,Battles,Armed clash,1,0,96.0,Political violence,3674.0,13.6274,46.228
2025-09-27,Middle East,Yemen,Abyan,Battles,Armed clash,1,1,96.0,Political violence,3674.0,13.6274,46.228
2025-10-18,Middle East,Yemen,Abyan,Battles,Armed clash,4,15,122085.0,Political violence,3674.0,13.6274,46.228
2025-11-15,Middle East,Yemen,Abyan,Battles,Armed clash,1,0,,Political violence,3674.0,13.6274,46.228
2025-11-22,Middle East,Yemen,Abyan,Battles,Armed clash,1,0,,Political violence,3674.0,13.6274,46.228
2025-11-29,Middle East,Yemen,Abyan,Battles,Armed clash,1,3,1222.0,Political violence,3674.0,13.6274,46.228
2025-12-06,Middle East,Yemen,Abyan,Battles,Armed clash,3,4,16246.0,Political violence,3674.0,13.6274,46.228
2025-12-13,Middle East,Yemen,Abyan,Battles,Armed clash,1,0,117.0,Political violence,3674.0,13.6274,46.228
2025-12-20,Middle East,Yemen,Abyan,Battles,Armed clash,2,0,17120.0,Political violence,3674.0,13.6274,46.228
2025-12-27,Middle East,Yemen,Abyan,Battles,Armed clash,2,0,47646.0,Political violence,3674.0,13.6274,46.228
2026-01-03,Middle East,Yemen,Abyan,Battles,Armed clash,4,3,138874.0,Political violence,3674.0,13.6274,46.228
2026-01-10,Middle East,Yemen,Abyan,Battles,Armed clash,1,1,1248.0,Political violence,3674.0,13.6274,46.228
2026-01-17,Middle East,Yemen,Abyan,Battles,Armed clash,2,0,9324.0,Political violence,3674.0,13.6274,46.228
2026-01-31,Middle East,Yemen,Abyan,Battles,Armed clash,1,0,18785.0,Political violence,3674.0,13.6274,46.228
2026-02-07,Middle East,Yemen,Abyan,Battles,Armed clash,1,0,570.0,Political violence,3674.0,13.6274,46.228
2026-02-14,Middle East,Yemen,Abyan,Battles,Armed clash,2,2,24597.0,Political violence,3674.0,13.6274,46.228
2026-02-21,Middle East,Yemen,Abyan,Battles,Armed clash,1,0,13908.0,Political violence,3674.0,13.6274,46.228
2026-02-28,Middle East,Yemen,Abyan,Battles,Armed clash,1,0,69105.0,Political violence,3674.0,13.6274,46.228
2026-03-07,Middle East,Yemen,Abyan,Battles,Armed clash,1,0,,Political violence,3674.0,13.6274,46.228
2026-03-14,Middle East,Yemen,Abyan,Battles,Armed clash,1,0,,Political violence,3674.0,13.6274,46.228
2026-03-28,Middle East,Yemen,Abyan,Battles,Armed clash,1,1,,Political violence,3674.0,13.6274,46.228
2026-04-04,Middle East,Yemen,Abyan,Battles,Armed clash,6,1,,Political violence,3674.0,13.6274,46.228
2026-04-18,Middle East,Yemen,Abyan,Battles,Armed clash,2,0,,Political violence,3674.0,13.6274,46.228
2024-02-10,Middle East,Yemen,Abyan,Explosions/Remote violence,Air/drone strike,1,0,2767.0,Political violence,3674.0,13.6274,46.228
2024-02-24,Middle East,Yemen,Abyan,Explosions/Remote violence,Air/drone strike,1,1,2767.0,Political violence,3674.0,13.6274,46.228
2024-04-20,Middle East,Yemen,Abyan,Explosions/Remote violence,Air/drone strike,1,0,2595.0,Political violence,3674.0,13.6274,46.228
2024-05-11,Middle East,Yemen,Abyan,Explosions/Remote violence,Air/drone strike,1,0,93.0,Political violence,3674.0,13.6274,46.228
2024-05-18,Middle East,Yemen,Abyan,Explosions/Remote violence,Air/drone strike,1,0,,Political violence,3674.0,13.6274,46.228
2024-05-25,Middle East,Yemen,Abyan,Explosions/Remote violence,Air/drone strike,2,0,93.0,Political violence,3674.0,13.6274,46.228
2024-06-01,Middle East,Yemen,Abyan,Explosions/Remote violence,Air/drone strike,1,0,93.0,Political violence,3674.0,13.6274,46.228
2024-06-08,Middle East,Yemen,Abyan,Explosions/Remote violence,Air/drone strike,1,0,93.0,Political violence,3674.0,13.6274,46.228
2024-07-20,Middle East,Yemen,Abyan,Explosions/Remote violence,Air/drone strike,3,0,1314.0,Political violence,3674.0,13.6274,46.228
2025-01-04,Middle East,Yemen,Abyan,Explosions/Remote violence,Air/drone strike,2,0,2180.0,Political violence,3674.0,13.6274,46.228
2025-02-01,Middle East,Yemen,Abyan,Explosions/Remote violence,Air/drone strike,1,0,1208.0,Political violence,3674.0,13.6274,46.228
2025-03-08,Middle East,Yemen,Abyan,Explosions/Remote violence,Air/drone strike,2,0,7942.0,Political violence,3674.0,13.6274,46.228
2025-03-15,Middle East,Yemen,Abyan,Explosions/Remote violence,Air/drone strike,1,2,100.0,Political violence,3674.0,13.6274,46.228
2025-04-05,Middle East,Yemen,Abyan,Explosions/Remote violence,Air/drone strike,2,0,5774.0,Political violence,3674.0,13.6274,46.228
2025-04-26,Middle East,Yemen,Abyan,Explosions/Remote violence,Air/drone strike,2,1,10495.0,Political violence,3674.0,13.6274,46.228
2025-05-03,Middle East,Yemen,Abyan,Explosions/Remote violence,Air/drone strike,3,0,32086.0,Political violence,3674.0,13.6274,46.228
2025-05-17,Middle East,Yemen,Abyan,Explosions/Remote violence,Air/drone strike,2,9,83.0,Political violence,3674.0,13.6274,46.228
2025-05-31,Middle East,Yemen,Abyan,Explosions/Remote violence,Air/drone strike,1,5,602.0,Political violence,3674.0,13.6274,46.228
2025-08-02,Middle East,Yemen,Abyan,Explosions/Remote violence,Air/drone strike,1,0,6014.0,Political violence,3674.0,13.6274,46.228
2025-08-09,Middle East,Yemen,Abyan,Explosions/Remote violence,Air/drone strike,1,1,1734.0,Political violence,3674.0,13.6274,46.228
2025-12-20,Middle East,Yemen,Abyan,Explosions/Remote violence,Air/drone strike,1,0,2968.0,Political violence,3674.0,13.6274,46.228
2026-04-11,Middle East,Yemen,Abyan,Explosions/Remote violence,Air/drone strike,1,0,,Political violence,3674.0,13.6274,46.228
2023-10-14,Middle East,Yemen,Abyan,Explosions/Remote violence,Shelling/artillery/missile attack,1,0,5763.0,Political violence,3674.0,13.6274,46.228
2023-11-18,Middle East,Yemen,Abyan,Explosions/Remote violence,Shelling/artillery/missile attack,1,0,,Political violence,3674.0,13.6274,46.228
2024-03-02,Middle East,Yemen,Abyan,Explosions/Remote violence,Shelling/artillery/missile attack,1,0,47698.0,Political violence,3674.0,13.6274,46.228
2024-04-06,Middle East,Yemen,Abyan,Explosions/Remote violence,Shelling/artillery/missile attack,2,0,63552.0,Political violence,3674.0,13.6274,46.228
2024-05-25,Middle East,Yemen,Abyan,Explosions/Remote violence,Shelling/artillery/missile attack,1,0,46095.0,Political violence,3674.0,13.6274,46.228
2024-06-08,Middle East,Yemen,Abyan,Explosions/Remote violence,Shelling/artillery/missile attack,1,0,21381.0,Political violence,3674.0,13.6274,46.228
2024-07-27,Middle East,Yemen,Abyan,Explosions/Remote violence,Shelling/artillery/missile attack,1,0,14962.0,Political violence,3674.0,13.6274,46.228
2024-08-10,Middle East,Yemen,Abyan,Explosions/Remote violence,Shelling/artillery/missile attack,1,0,14962.0,Political violence,3674.0,13.6274,46.228
2024-08-17,Middle East,Yemen,Abyan,Explosions/Remote violence,Shelling/artillery/missile attack,2,1,15055.0,Political violence,3674.0,13.6274,46.228
2024-08-24,Middle East,Yemen,Abyan,Explosions/Remote violence,Shelling/artillery/missile attack,1,0,14962.0,Political violence,3674.0,13.6274,46.228
2024-08-31,Middle East,Yemen,Abyan,Explosions/Remote violence,Shelling/artillery/missile attack,1,0,14962.0,Political violence,3674.0,13.6274,46.228
2024-11-30,Middle East,Yemen,Abyan,Explosions/Remote violence,Shelling/artillery/missile attack,2,0,36614.0,Political violence,3674.0,13.6274,46.228
2024-12-07,Middle East,Yemen,Abyan,Explosions/Remote violence,Shelling/artillery/missile attack,1,0,24161.0,Political violence,3674.0,13.6274,46.228
2024-12-14,Middle East,Yemen,Abyan,Explosions/Remote violence,Shelling/artillery/missile attack,1,0,93.0,Political violence,3674.0,13.6274,46.228
2025-01-04,Middle East,Yemen,Abyan,Explosions/Remote violence,Shelling/artillery/missile attack,2,0,19395.0,Political violence,3674.0,13.6274,46.228
2025-01-11,Middle East,Yemen,Abyan,Explosions/Remote violence,Shelling/artillery/missile attack,2,0,45243.0,Political violence,3674.0,13.6274,46.228
2025-01-18,Middle East,Yemen,Abyan,Explosions/Remote violence,Shelling/artillery/missile attack,2,0,45243.0,Political violence,3674.0,13.6274,46.228
2025-01-25,Middle East,Yemen,Abyan,Explosions/Remote violence,Shelling/artillery/missile attack,1,0,9042.0,Political violence,3674.0,13.6274,46.228
2025-02-22,Middle East,Yemen,Abyan,Explosions/Remote violence,Shelling/artillery/missile attack,2,0,20245.0,Political violence,3674.0,13.6274,46.228
2025-03-01,Middle East,Yemen,Abyan,Explosions/Remote violence,Shelling/artillery/missile attack,2,0,20245.0,Political violence,3674.0,13.6274,46.228
2025-03-08,Middle East,Yemen,Abyan,Explosions/Remote violence,Shelling/artillery/missile attack,1,0,9042.0,Political violence,3674.0,13.6274,46.228
2025-03-15,Middle East,Yemen,Abyan,Explosions/Remote violence,Shelling/artillery/missile attack,2,0,20245.0,Political violence,3674.0,13.6274,46.228
2024-02-10,Middle East,Yemen,Abyan,Violence against civilians,Abduction/forced disappearance,1,0,39022.0,Political violence,3674.0,13.6274,46.228
2024-03-02,Middle East,Yemen,Abyan,Violence against civilians,Abduction/forced disappearance,1,0,19186.0,Political violence,3674.0,13.6274,46.228
2024-05-18,Middle East,Yemen,Abyan,Violence against civilians,Abduction/forced disappearance,1,0,19186.0,Political violence,3674.0,13.6274,46.228
2024-05-25,Middle East,Yemen,Abyan,Violence against civilians,Abduction/forced disappearance,1,0,45570.0,Political violence,3674.0,13.6274,46.228
2024-11-30,Middle East,Yemen,Abyan,Violence against civilians,Abduction/forced disappearance,1,0,55698.0,Political violence,3674.0,13.6274,46.228
2024-12-14,Middle East,Yemen,Abyan,Violence against civilians,Abduction/forced disappearance,1,0,882.0,Political violence,3674.0,13.6274,46.228
2025-05-10,Middle East,Yemen,Abyan,Violence against civilians,Abduction/forced disappearance,1,0,7116.0,Political violence,3674.0,13.6274,46.228
2025-09-20,Middle East,Yemen,Abyan,Violence against civilians,Abduction/forced disappearance,1,0,6252.0,Political violence,3674.0,13.6274,46.228
2025-12-06,Middle East,Yemen,Abyan,Violence against civilians,Abduction/forced disappearance,1,0,20498.0,Political violence,3674.0,13.6274,46.228
2023-10-28,Middle East,Yemen,Abyan,Violence against civilians,Attack,1,3,23023.0,Political violence,3674.0,13.6274,46.228
2023-11-18,Middle East,Yemen,Abyan,Violence against civilians,Attack,2,1,5884.0,Political violence,3674.0,13.6274,46.228
2024-02-17,Middle East,Yemen,Abyan,Violence against civilians,Attack,1,0,,Political violence,3674.0,13.6274,46.228
2024-03-02,Middle East,Yemen,Abyan,Violence against civilians,Attack,1,0,6860.0,Political violence,3674.0,13.6274,46.228
2024-04-13,Middle East,Yemen,Abyan,Violence against civilians,Attack,2,2,87017.0,Political violence,3674.0,13.6274,46.228
2024-04-20,Middle East,Yemen,Abyan,Violence against civilians,Attack,1,1,46095.0,Political violence,3674.0,13.6274,46.228
2024-05-25,Middle East,Yemen,Abyan,Violence against civilians,Attack,1,1,46095.0,Political violence,3674.0,13.6274,46.228
2024-06-29,Middle East,Yemen,Abyan,Violence against civilians,Attack,1,0,55698.0,Political violence,3674.0,13.6274,46.228
2024-08-03,Middle East,Yemen,Abyan,Violence against civilians,Attack,1,0,884.0,Political violence,3674.0,13.6274,46.228
2024-08-10,Middle East,Yemen,Abyan,Violence against civilians,Attack,1,1,17457.0,Political violence,3674.0,13.6274,46.228
2024-08-24,Middle East,Yemen,Abyan,Violence against civilians,Attack,1,0,55698.0,Political violence,3674.0,13.6274,46.228
2024-09-14,Middle East,Yemen,Abyan,Violence against civilians,Attack,1,0,14312.0,Political violence,3674.0,13.6274,46.228
2024-10-19,Middle East,Yemen,Abyan,Violence against civilians,Attack,1,1,47698.0,Political violence,3674.0,13.6274,46.228
2024-11-02,Middle East,Yemen,Abyan,Violence against civilians,Attack,1,0,55698.0,Political violence,3674.0,13.6274,46.228
2024-11-09,Middle East,Yemen,Abyan,Violence against civilians,Attack,1,0,14534.0,Political violence,3674.0,13.6274,46.228
2024-11-30,Middle East,Yemen,Abyan,Violence against civilians,Attack,1,1,87017.0,Political violence,3674.0,13.6274,46.228
2025-01-18,Middle East,Yemen,Abyan,Violence against civilians,Attack,1,0,14701.0,Political violence,3674.0,13.6274,46.228
2025-01-25,Middle East,Yemen,Abyan,Violence against civilians,Attack,1,1,24595.0,Political violence,3674.0,13.6274,46.228
2025-02-15,Middle East,Yemen,Abyan,Violence against civilians,Attack,2,0,40172.0,Political violence,3674.0,13.6274,46.228
2025-03-01,Middle East,Yemen,Abyan,Violence against civilians,Attack,2,1,41742.0,Political violence,3674.0,13.6274,46.228
2025-03-22,Middle East,Yemen,Abyan,Violence against civilians,Attack,1,0,33508.0,Political violence,3674.0,13.6274,46.228
2025-04-05,Middle East,Yemen,Abyan,Violence against civilians,Attack,1,1,34040.0,Political violence,3674.0,13.6274,46.228
2025-04-26,Middle East,Yemen,Abyan,Violence against civilians,Attack,1,2,19446.0,Political violence,3674.0,13.6274,46.228
2025-05-10,Middle East,Yemen,Abyan,Violence against civilians,Attack,1,0,7116.0,Political violence,3674.0,13.6274,46.228
2025-05-17,Middle East,Yemen,Abyan,Violence against civilians,Attack,1,1,23801.0,Political violence,3674.0,13.6274,46.228
2025-05-24,Middle East,Yemen,Abyan,Violence against civilians,Attack,1,1,41742.0,Political violence,3674.0,13.6274,46.228
2025-06-07,Middle East,Yemen,Abyan,Violence against civilians,Attack,1,1,34035.0,Political violence,3674.0,13.6274,46.228
2025-06-28,Middle East,Yemen,Abyan,Violence against civilians,Attack,1,1,34035.0,Political violence,3674.0,13.6274,46.228
2025-07-26,Middle East,Yemen,Abyan,Violence against civilians,Attack,2,1,23458.0,Political violence,3674.0,13.6274,46.228
2025-10-25,Middle East,Yemen,Abyan,Violence against civilians,Attack,1,0,57316.0,Political violence,3674.0,13.6274,46.228
2025-11-15,Middle East,Yemen,Abyan,Violence against civilians,Attack,1,0,,Political violence,3674.0,13.6274,46.228
2025-12-27,Middle East,Yemen,Abyan,Violence against civilians,Attack,1,0,44722.0,Political violence,3674.0,13.6274,46.228
2026-01-31,Middle East,Yemen,Abyan,Violence against civilians,Attack,1,0,47557.0,Political violence,3674.0,13.6274,46.228
2026-02-28,Middle East,Yemen,Abyan,Violence against civilians,Attack,2,2,9110.0,Political violence,3674.0,13.6274,46.228
2026-03-21,Middle East,Yemen,Abyan,Violence against civilians,Attack,1,0,,Political violence,3674.0,13.6274,46.228
2026-03-28,Middle East,Yemen,Abyan,Violence against civilians,Attack,1,1,29715.0,Political violence,3674.0,13.6274,46.228
2023-10-07,Middle East,Yemen,Ad Dali,Battles,Armed clash,15,15,115256.0,Political violence,3675.0,13.8943,44.7825
2023-10-14,Middle East,Yemen,Ad Dali,Battles,Armed clash,5,4,10850.0,Political violence,3675.0,13.8943,44.7825
2023-10-21,Middle East,Yemen,Ad Dali,Battles,Armed clash,6,4,11886.0,Political violence,3675.0,13.8943,44.7825
2023-10-28,Middle East,Yemen,Ad Dali,Battles,Armed clash,10,13,14259.0,Political violence,3675.0,13.8943,44.7825
2023-11-04,Middle East,Yemen,Ad Dali,Battles,Armed clash,3,3,31925.0,Political violence,3675.0,13.8943,44.7825
2023-11-11,Middle East,Yemen,Ad Dali,Battles,Armed clash,7,9,19761.0,Political violence,3675.0,13.8943,44.7825
2023-11-18,Middle East,Yemen,Ad Dali,Battles,Armed clash,5,1,5791.0,Political violence,3675.0,13.8943,44.7825
2023-11-25,Middle East,Yemen,Ad Dali,Battles,Armed clash,13,6,14259.0,Political violence,3675.0,13.8943,44.7825
2023-12-02,Middle East,Yemen,Ad Dali,Battles,Armed clash,6,25,10850.0,Political violence,3675.0,13.8943,44.7825
2023-12-09,Middle East,Yemen,Ad Dali,Battles,Armed clash,11,39,7134.0,Political violence,3675.0,13.8943,44.7825
2023-12-16,Middle East,Yemen,Ad Dali,Battles,Armed clash,5,7,10850.0,Political violence,3675.0,13.8943,44.7825
2024-01-20,Middle East,Yemen,Ad Dali,Battles,Armed clash,1,0,1310.0,Political violence,3675.0,13.8943,44.7825
2024-01-27,Middle East,Yemen,Ad Dali,Battles,Armed clash,3,5,4252.0,Political violence,3675.0,13.8943,44.7825
2024-02-03,Middle East,Yemen,Ad Dali,Battles,Armed clash,13,10,43637.0,Political violence,3675.0,13.8943,44.7825
2024-02-10,Middle East,Yemen,Ad Dali,Battles,Armed clash,11,7,23681.0,Political violence,3675.0,13.8943,44.7825
2024-02-17,Middle East,Yemen,Ad Dali,Battles,Armed clash,9,10,23681.0,Political violence,3675.0,13.8943,44.7825
2024-02-24,Middle East,Yemen,Ad Dali,Battles,Armed clash,6,5,18011.0,Political violence,3675.0,13.8943,44.7825
2024-03-02,Middle East,Yemen,Ad Dali,Battles,Armed clash,8,13,63987.0,Political violence,3675.0,13.8943,44.7825
2024-03-09,Middle East,Yemen,Ad Dali,Battles,Armed clash,7,5,33030.0,Political violence,3675.0,13.8943,44.7825
2024-03-16,Middle East,Yemen,Ad Dali,Battles,Armed clash,12,32,27067.0,Political violence,3675.0,13.8943,44.7825
2024-03-23,Middle East,Yemen,Ad Dali,Battles,Armed clash,13,36,53571.0,Political violence,3675.0,13.8943,44.7825
2024-03-30,Middle East,Yemen,Ad Dali,Battles,Armed clash,8,39,10488.0,Political violence,3675.0,13.8943,44.7825
2024-04-06,Middle East,Yemen,Ad Dali,Battles,Armed clash,10,16,11727.0,Political violence,3675.0,13.8943,44.7825
2024-04-13,Middle East,Yemen,Ad Dali,Battles,Armed clash,4,5,7216.0,Political violence,3675.0,13.8943,44.7825
2024-04-20,Middle East,Yemen,Ad Dali,Battles,Armed clash,4,4,10084.0,Political violence,3675.0,13.8943,44.7825
2024-04-27,Middle East,Yemen,Ad Dali,Battles,Armed clash,5,5,6877.0,Political violence,3675.0,13.8943,44.7825
2024-05-04,Middle East,Yemen,Ad Dali,Battles,Armed clash,7,8,11792.0,Political violence,3675.0,13.8943,44.7825
2024-05-11,Middle East,Yemen,Ad Dali,Battles,Armed clash,3,0,3934.0,Political violence,3675.0,13.8943,44.7825
2024-05-18,Middle East,Yemen,Ad Dali,Battles,Armed clash,5,3,10084.0,Political violence,3675.0,13.8943,44.7825
2024-05-25,Middle East,Yemen,Ad Dali,Battles,Armed clash,8,13,12714.0,Political violence,3675.0,13.8943,44.7825
2024-06-01,Middle East,Yemen,Ad Dali,Battles,Armed clash,6,12,11523.0,Political violence,3675.0,13.8943,44.7825
2024-06-08,Middle East,Yemen,Ad Dali,Battles,Armed clash,6,16,6608.0,Political violence,3675.0,13.8943,44.7825
2024-06-15,Middle East,Yemen,Ad Dali,Battles,Armed clash,4,6,5169.0,Political violence,3675.0,13.8943,44.7825
2024-06-22,Middle East,Yemen,Ad Dali,Battles,Armed clash,4,9,6608.0,Political violence,3675.0,13.8943,44.7825
2024-06-29,Middle East,Yemen,Ad Dali,Battles,Armed clash,8,11,11743.0,Political violence,3675.0,13.8943,44.7825
2024-07-06,Middle East,Yemen,Ad Dali,Battles,Armed clash,8,7,18895.0,Political violence,3675.0,13.8943,44.7825
2024-07-13,Middle East,Yemen,Ad Dali,Battles,Armed clash,6,4,10304.0,Political violence,3675.0,13.8943,44.7825
2024-07-20,Middle East,Yemen,Ad Dali,Battles,Armed clash,4,3,9458.0,Political violence,3675.0,13.8943,44.7825
2024-07-27,Middle East,Yemen,Ad Dali,Battles,Armed clash,5,5,6219.0,Political violence,3675.0,13.8943,44.7825
2024-08-03,Middle East,Yemen,Ad Dali,Battles,Armed clash,10,21,17531.0,Political violence,3675.0,13.8943,44.7825
2024-08-10,Middle East,Yemen,Ad Dali,Battles,Armed clash,6,2,12735.0,Political violence,3675.0,13.8943,44.7825
2024-08-17,Middle East,Yemen,Ad Dali,Battles,Armed clash,5,3,10089.0,Political violence,3675.0,13.8943,44.7825
2024-08-24,Middle East,Yemen,Ad Dali,Battles,Armed clash,7,2,11513.0,Political violence,3675.0,13.8943,44.7825
2024-08-31,Middle East,Yemen,Ad Dali,Battles,Armed clash,6,2,8147.0,Political violence,3675.0,13.8943,44.7825
2024-09-07,Middle East,Yemen,Ad Dali,Battles,Armed clash,12,21,66621.0,Political violence,3675.0,13.8943,44.7825
2024-09-14,Middle East,Yemen,Ad Dali,Battles,Armed clash,12,48,65345.0,Political violence,3675.0,13.8943,44.7825
2024-09-21,Middle East,Yemen,Ad Dali,Battles,Armed clash,11,14,10629.0,Political violence,3675.0,13.8943,44.7825
2024-09-28,Middle East,Yemen,Ad Dali,Battles,Armed clash,9,17,8147.0,Political violence,3675.0,13.8943,44.7825
2024-10-05,Middle East,Yemen,Ad Dali,Battles,Armed clash,6,10,53770.0,Political violence,3675.0,13.8943,44.7825
2024-10-12,Middle East,Yemen,Ad Dali,Battles,Armed clash,9,7,13451.0,Political violence,3675.0,13.8943,44.7825
2024-10-19,Middle East,Yemen,Ad Dali,Battles,Armed clash,5,8,9854.0,Political violence,3675.0,13.8943,44.7825
2024-10-26,Middle East,Yemen,Ad Dali,Battles,Armed clash,7,12,9586.0,Political violence,3675.0,13.8943,44.7825
2024-11-02,Middle East,Yemen,Ad Dali,Battles,Armed clash,6,18,11293.0,Political violence,3675.0,13.8943,44.7825
2024-11-09,Middle East,Yemen,Ad Dali,Battles,Armed clash,10,7,7255.0,Political violence,3675.0,13.8943,44.7825
2024-11-16,Middle East,Yemen,Ad Dali,Battles,Armed clash,9,11,13451.0,Political violence,3675.0,13.8943,44.7825
2024-11-23,Middle East,Yemen,Ad Dali,Battles,Armed clash,4,9,9854.0,Political violence,3675.0,13.8943,44.7825
2024-11-30,Middle East,Yemen,Ad Dali,Battles,Armed clash,5,24,13719.0,Political violence,3675.0,13.8943,44.7825
2024-12-07,Middle East,Yemen,Ad Dali,Battles,Armed clash,9,51,15023.0,Political violence,3675.0,13.8943,44.7825
2024-12-14,Middle East,Yemen,Ad Dali,Battles,Armed clash,6,25,17181.0,Political violence,3675.0,13.8943,44.7825
2024-12-21,Middle East,Yemen,Ad Dali,Battles,Armed clash,7,40,15023.0,Political violence,3675.0,13.8943,44.7825
2024-12-28,Middle East,Yemen,Ad Dali,Battles,Armed clash,8,15,21600.0,Political violence,3675.0,13.8943,44.7825
2025-01-04,Middle East,Yemen,Ad Dali,Battles,Armed clash,11,33,138726.0,Political violence,3675.0,13.8943,44.7825
2025-01-11,Middle East,Yemen,Ad Dali,Battles,Armed clash,11,52,16175.0,Political violence,3675.0,13.8943,44.7825
2025-01-18,Middle East,Yemen,Ad Dali,Battles,Armed clash,7,29,9884.0,Political violence,3675.0,13.8943,44.7825
2025-01-25,Middle East,Yemen,Ad Dali,Battles,Armed clash,10,22,17669.0,Political violence,3675.0,13.8943,44.7825
2025-02-01,Middle East,Yemen,Ad Dali,Battles,Armed clash,10,35,17765.0,Political violence,3675.0,13.8943,44.7825
2025-02-08,Middle East,Yemen,Ad Dali,Battles,Armed clash,6,8,9980.0,Political violence,3675.0,13.8943,44.7825
2025-02-15,Middle East,Yemen,Ad Dali,Battles,Armed clash,10,32,134508.0,Political violence,3675.0,13.8943,44.7825
2025-02-22,Middle East,Yemen,Ad Dali,Battles,Armed clash,6,17,15556.0,Political violence,3675.0,13.8943,44.7825
2025-03-01,Middle East,Yemen,Ad Dali,Battles,Armed clash,7,5,15130.0,Political violence,3675.0,13.8943,44.7825
2025-03-08,Middle East,Yemen,Ad Dali,Battles,Armed clash,11,15,15984.0,Political violence,3675.0,13.8943,44.7825
2025-03-15,Middle East,Yemen,Ad Dali,Battles,Armed clash,5,3,13741.0,Political violence,3675.0,13.8943,44.7825
2025-03-22,Middle East,Yemen,Ad Dali,Battles,Armed clash,7,6,16061.0,Political violence,3675.0,13.8943,44.7825
2025-03-29,Middle East,Yemen,Ad Dali,Battles,Armed clash,8,15,23149.0,Political violence,3675.0,13.8943,44.7825
2025-04-05,Middle East,Yemen,Ad Dali,Battles,Armed clash,8,3,16018.0,Political violence,3675.0,13.8943,44.7825
2025-04-12,Middle East,Yemen,Ad Dali,Battles,Armed clash,11,9,26018.0,Political violence,3675.0,13.8943,44.7825
2025-04-19,Middle East,Yemen,Ad Dali,Battles,Armed clash,8,4,14428.0,Political violence,3675.0,13.8943,44.7825
2025-04-26,Middle East,Yemen,Ad Dali,Battles,Armed clash,6,1,8161.0,Political violence,3675.0,13.8943,44.7825
2025-05-03,Middle East,Yemen,Ad Dali,Battles,Armed clash,9,1,16448.0,Political violence,3675.0,13.8943,44.7825
2025-05-10,Middle East,Yemen,Ad Dali,Battles,Armed clash,9,2,28116.0,Political violence,3675.0,13.8943,44.7825
2025-05-17,Middle East,Yemen,Ad Dali,Battles,Armed clash,9,5,22577.0,Political violence,3675.0,13.8943,44.7825
2025-05-24,Middle East,Yemen,Ad Dali,Battles,Armed clash,9,8,20837.0,Political violence,3675.0,13.8943,44.7825
2025-05-31,Middle East,Yemen,Ad Dali,Battles,Armed clash,8,4,11255.0,Political violence,3675.0,13.8943,44.7825
2025-06-07,Middle East,Yemen,Ad Dali,Battles,Armed clash,7,0,20740.0,Political violence,3675.0,13.8943,44.7825
2025-06-14,Middle East,Yemen,Ad Dali,Battles,Armed clash,3,3,9665.0,Political violence,3675.0,13.8943,44.7825
2025-06-21,Middle East,Yemen,Ad Dali,Battles,Armed clash,9,12,11908.0,Political violence,3675.0,13.8943,44.7825
2025-06-28,Middle East,Yemen,Ad Dali,Battles,Armed clash,5,4,9665.0,Political violence,3675.0,13.8943,44.7825
2025-07-05,Middle East,Yemen,Ad Dali,Battles,Armed clash,10,16,37433.0,Political violence,3675.0,13.8943,44.7825
2025-07-12,Middle East,Yemen,Ad Dali,Battles,Armed clash,7,0,16058.0,Political violence,3675.0,13.8943,44.7825
2025-07-19,Middle East,Yemen,Ad Dali,Battles,Armed clash,4,2,15794.0,Political violence,3675.0,13.8943,44.7825
2025-07-26,Middle East,Yemen,Ad Dali,Battles,Armed clash,3,4,4144.0,Political violence,3675.0,13.8943,44.7825
2025-08-02,Middle East,Yemen,Ad Dali,Battles,Armed clash,7,1,59542.0,Political violence,3675.0,13.8943,44.7825
2025-08-09,Middle East,Yemen,Ad Dali,Battles,Armed clash,8,7,23890.0,Political violence,3675.0,13.8943,44.7825
2025-08-16,Middle East,Yemen,Ad Dali,Battles,Armed clash,7,1,11255.0,Political violence,3675.0,13.8943,44.7825
2025-08-23,Middle East,Yemen,Ad Dali,Battles,Armed clash,5,3,10318.0,Political violence,3675.0,13.8943,44.7825
2025-08-30,Middle East,Yemen,Ad Dali,Battles,Armed clash,3,6,9665.0,Political violence,3675.0,13.8943,44.7825
2025-09-06,Middle East,Yemen,Ad Dali,Battles,Armed clash,5,4,11255.0,Political violence,3675.0,13.8943,44.7825
2025-09-13,Middle East,Yemen,Ad Dali,Battles,Armed clash,6,4,15593.0,Political violence,3675.0,13.8943,44.7825
2025-09-20,Middle East,Yemen,Ad Dali,Battles,Armed clash,5,1,3695.0,Political violence,3675.0,13.8943,44.7825
2025-09-27,Middle East,Yemen,Ad Dali,Battles,Armed clash,4,4,9665.0,Political violence,3675.0,13.8943,44.7825
2025-10-04,Middle East,Yemen,Ad Dali,Battles,Armed clash,2,0,2105.0,Political violence,3675.0,13.8943,44.7825
2025-10-11,Middle East,Yemen,Ad Dali,Battles,Armed clash,3,3,9665.0,Political violence,3675.0,13.8943,44.7825
2025-10-18,Middle East,Yemen,Ad Dali,Battles,Armed clash,4,0,11255.0,Political violence,3675.0,13.8943,44.7825
2025-10-25,Middle East,Yemen,Ad Dali,Battles,Armed clash,5,0,59873.0,Political violence,3675.0,13.8943,44.7825
2025-11-01,Middle East,Yemen,Ad Dali,Battles,Armed clash,8,8,72614.0,Political violence,3675.0,13.8943,44.7825
2025-11-08,Middle East,Yemen,Ad Dali,Battles,Armed clash,3,2,8234.0,Political violence,3675.0,13.8943,44.7825
2025-11-15,Middle East,Yemen,Ad Dali,Battles,Armed clash,2,0,6872.0,Political violence,3675.0,13.8943,44.7825
2025-11-22,Middle East,Yemen,Ad Dali,Battles,Armed clash,5,2,48022.0,Political violence,3675.0,13.8943,44.7825
2025-11-29,Middle East,Yemen,Ad Dali,Battles,Armed clash,2,0,59203.0,Political violence,3675.0,13.8943,44.7825
2025-12-13,Middle East,Yemen,Ad Dali,Battles,Armed clash,2,0,8228.0,Political violence,3675.0,13.8943,44.7825
2025-12-20,Middle East,Yemen,Ad Dali,Battles,Armed clash,2,0,6123.0,Political violence,3675.0,13.8943,44.7825
2025-12-27,Middle East,Yemen,Ad Dali,Battles,Armed clash,1,0,1747.0,Political violence,3675.0,13.8943,44.7825
2026-01-03,Middle East,Yemen,Ad Dali,Battles,Armed clash,2,11,65349.0,Political violence,3675.0,13.8943,44.7825
2026-01-10,Middle East,Yemen,Ad Dali,Battles,Armed clash,2,3,8436.0,Political violence,3675.0,13.8943,44.7825
2026-01-17,Middle East,Yemen,Ad Dali,Battles,Armed clash,6,7,20436.0,Political violence,3675.0,13.8943,44.7825
2026-01-24,Middle East,Yemen,Ad Dali,Battles,Armed clash,4,10,10183.0,Political violence,3675.0,13.8943,44.7825
2026-01-31,Middle East,Yemen,Ad Dali,Battles,Armed clash,6,5,24649.0,Political violence,3675.0,13.8943,44.7825
2026-02-07,Middle East,Yemen,Ad Dali,Battles,Armed clash,1,0,2146.0,Political violence,3675.0,13.8943,44.7825
2026-02-14,Middle East,Yemen,Ad Dali,Battles,Armed clash,3,1,3851.0,Political violence,3675.0,13.8943,44.7825
2026-02-21,Middle East,Yemen,Ad Dali,Battles,Armed clash,3,4,8919.0,Political violence,3675.0,13.8943,44.7825
2026-02-28,Middle East,Yemen,Ad Dali,Battles,Armed clash,3,1,10235.0,Political violence,3675.0,13.8943,44.7825
2026-03-07,Middle East,Yemen,Ad Dali,Battles,Armed clash,3,2,7319.0,Political violence,3675.0,13.8943,44.7825
2026-03-14,Middle East,Yemen,Ad Dali,Battles,Armed clash,1,0,,Political violence,3675.0,13.8943,44.7825
2026-03-21,Middle East,Yemen,Ad Dali,Battles,Armed clash,3,0,7327.0,Political violence,3675.0,13.8943,44.7825
2026-03-28,Middle East,Yemen,Ad Dali,Battles,Armed clash,5,10,43996.0,Political violence,3675.0,13.8943,44.7825
2026-04-04,Middle East,Yemen,Ad Dali,Battles,Armed clash,4,3,,Political violence,3675.0,13.8943,44.7825
2026-04-11,Middle East,Yemen,Ad Dali,Battles,Armed clash,3,0,,Political violence,3675.0,13.8943,44.7825
2026-04-18,Middle East,Yemen,Ad Dali,Battles,Armed clash,1,0,,Political violence,3675.0,13.8943,44.7825
2023-10-14,Middle East,Yemen,Ad Dali,Explosions/Remote violence,Air/drone strike,2,5,3716.0,Political violence,3675.0,13.8943,44.7825
2023-10-28,Middle East,Yemen,Ad Dali,Explosions/Remote violence,Air/drone strike,1,1,1569.0,Political violence,3675.0,13.8943,44.7825
2023-11-04,Middle East,Yemen,Ad Dali,Explosions/Remote violence,Air/drone strike,2,0,7723.0,Political violence,3675.0,13.8943,44.7825
2023-11-18,Middle East,Yemen,Ad Dali,Explosions/Remote violence,Air/drone strike,2,0,3557.0,Political violence,3675.0,13.8943,44.7825
2023-11-25,Middle East,Yemen,Ad Dali,Explosions/Remote violence,Air/drone strike,2,0,3716.0,Political violence,3675.0,13.8943,44.7825
2024-01-06,Middle East,Yemen,Ad Dali,Explosions/Remote violence,Air/drone strike,1,0,1561.0,Political violence,3675.0,13.8943,44.7825
2024-01-13,Middle East,Yemen,Ad Dali,Explosions/Remote violence,Air/drone strike,1,1,5961.0,Political violence,3675.0,13.8943,44.7825
2024-01-27,Middle East,Yemen,Ad Dali,Explosions/Remote violence,Air/drone strike,1,1,3865.0,Political violence,3675.0,13.8943,44.7825
2024-02-03,Middle East,Yemen,Ad Dali,Explosions/Remote violence,Air/drone strike,1,0,3865.0,Political violence,3675.0,13.8943,44.7825
2024-03-23,Middle East,Yemen,Ad Dali,Explosions/Remote violence,Air/drone strike,2,7,30032.0,Political violence,3675.0,13.8943,44.7825
2024-04-13,Middle East,Yemen,Ad Dali,Explosions/Remote violence,Air/drone strike,1,1,4915.0,Political violence,3675.0,13.8943,44.7825
2024-04-20,Middle East,Yemen,Ad Dali,Explosions/Remote violence,Air/drone strike,1,0,1626.0,Political violence,3675.0,13.8943,44.7825
2024-06-01,Middle East,Yemen,Ad Dali,Explosions/Remote violence,Air/drone strike,1,2,1304.0,Political violence,3675.0,13.8943,44.7825
2024-11-30,Middle East,Yemen,Ad Dali,Explosions/Remote violence,Air/drone strike,1,2,1304.0,Political violence,3675.0,13.8943,44.7825
2024-12-21,Middle East,Yemen,Ad Dali,Explosions/Remote violence,Air/drone strike,1,0,7567.0,Political violence,3675.0,13.8943,44.7825
2024-12-28,Middle East,Yemen,Ad Dali,Explosions/Remote violence,Air/drone strike,1,5,4685.0,Political violence,3675.0,13.8943,44.7825
2025-01-18,Middle East,Yemen,Ad Dali,Explosions/Remote violence,Air/drone strike,1,0,483.0,Political violence,3675.0,13.8943,44.7825
2025-03-01,Middle East,Yemen,Ad Dali,Explosions/Remote violence,Air/drone strike,1,1,7560.0,Political violence,3675.0,13.8943,44.7825
2025-03-15,Middle East,Yemen,Ad Dali,Explosions/Remote violence,Air/drone strike,1,0,4845.0,Political violence,3675.0,13.8943,44.7825
2025-04-26,Middle East,Yemen,Ad Dali,Explosions/Remote violence,Air/drone strike,1,0,13258.0,Political violence,3675.0,13.8943,44.7825
2025-10-11,Middle East,Yemen,Ad Dali,Explosions/Remote violence,Air/drone strike,2,5,8213.0,Political violence,3675.0,13.8943,44.7825
2026-01-03,Middle East,Yemen,Ad Dali,Explosions/Remote violence,Air/drone strike,2,4,61384.0,Political violence,3675.0,13.8943,44.7825
2026-01-10,Middle East,Yemen,Ad Dali,Explosions/Remote violence,Air/drone strike,1,0,2336.0,Political violence,3675.0,13.8943,44.7825
2026-01-31,Middle East,Yemen,Ad Dali,Explosions/Remote violence,Air/drone strike,1,1,6290.0,Political violence,3675.0,13.8943,44.7825
2023-10-07,Middle East,Yemen,Ad Dali,Explosions/Remote violence,Shelling/artillery/missile attack,2,2,9507.0,Political violence,3675.0,13.8943,44.7825
2023-10-14,Middle East,Yemen,Ad Dali,Explosions/Remote violence,Shelling/artillery/missile attack,1,0,57892.0,Political violence,3675.0,13.8943,44.7825
2023-10-21,Middle East,Yemen,Ad Dali,Explosions/Remote violence,Shelling/artillery/missile attack,3,2,7134.0,Political violence,3675.0,13.8943,44.7825
2023-10-28,Middle East,Yemen,Ad Dali,Explosions/Remote violence,Shelling/artillery/missile attack,5,3,4988.0,Political violence,3675.0,13.8943,44.7825
2023-11-04,Middle East,Yemen,Ad Dali,Explosions/Remote violence,Shelling/artillery/missile attack,1,0,3716.0,Political violence,3675.0,13.8943,44.7825
2023-11-11,Middle East,Yemen,Ad Dali,Explosions/Remote violence,Shelling/artillery/missile attack,1,3,5502.0,Political violence,3675.0,13.8943,44.7825
2023-12-09,Middle East,Yemen,Ad Dali,Explosions/Remote violence,Shelling/artillery/missile attack,4,3,9507.0,Political violence,3675.0,13.8943,44.7825
2023-12-16,Middle East,Yemen,Ad Dali,Explosions/Remote violence,Shelling/artillery/missile attack,3,1,63683.0,Political violence,3675.0,13.8943,44.7825
2023-12-23,Middle East,Yemen,Ad Dali,Explosions/Remote violence,Shelling/artillery/missile attack,2,0,57892.0,Political violence,3675.0,13.8943,44.7825
2024-01-13,Middle East,Yemen,Ad Dali,Explosions/Remote violence,Shelling/artillery/missile attack,2,0,14162.0,Political violence,3675.0,13.8943,44.7825
2024-01-20,Middle East,Yemen,Ad Dali,Explosions/Remote violence,Shelling/artillery/missile attack,1,0,4915.0,Political violence,3675.0,13.8943,44.7825
2024-02-10,Middle East,Yemen,Ad Dali,Explosions/Remote violence,Shelling/artillery/missile attack,3,0,7476.0,Political violence,3675.0,13.8943,44.7825
2024-02-17,Middle East,Yemen,Ad Dali,Explosions/Remote violence,Shelling/artillery/missile attack,1,0,1304.0,Political violence,3675.0,13.8943,44.7825
2024-02-24,Middle East,Yemen,Ad Dali,Explosions/Remote violence,Shelling/artillery/missile attack,1,0,3732.0,Political violence,3675.0,13.8943,44.7825
2024-03-02,Middle East,Yemen,Ad Dali,Explosions/Remote violence,Shelling/artillery/missile attack,2,0,57507.0,Political violence,3675.0,13.8943,44.7825
2024-03-16,Middle East,Yemen,Ad Dali,Explosions/Remote violence,Shelling/artillery/missile attack,1,0,88702.0,Political violence,3675.0,13.8943,44.7825
2024-03-23,Middle East,Yemen,Ad Dali,Explosions/Remote violence,Shelling/artillery/missile attack,3,0,35405.0,Political violence,3675.0,13.8943,44.7825
2024-03-30,Middle East,Yemen,Ad Dali,Explosions/Remote violence,Shelling/artillery/missile attack,1,6,10432.0,Political violence,3675.0,13.8943,44.7825
2024-04-06,Middle East,Yemen,Ad Dali,Explosions/Remote violence,Shelling/artillery/missile attack,1,0,59533.0,Political violence,3675.0,13.8943,44.7825
2024-05-04,Middle East,Yemen,Ad Dali,Explosions/Remote violence,Shelling/artillery/missile attack,1,0,1985.0,Political violence,3675.0,13.8943,44.7825
2024-05-11,Middle East,Yemen,Ad Dali,Explosions/Remote violence,Shelling/artillery/missile attack,1,0,4915.0,Political violence,3675.0,13.8943,44.7825
2024-05-18,Middle East,Yemen,Ad Dali,Explosions/Remote violence,Shelling/artillery/missile attack,1,0,1561.0,Political violence,3675.0,13.8943,44.7825
2024-05-25,Middle East,Yemen,Ad Dali,Explosions/Remote violence,Shelling/artillery/missile attack,2,1,3289.0,Political violence,3675.0,13.8943,44.7825
2024-06-15,Middle East,Yemen,Ad Dali,Explosions/Remote violence,Shelling/artillery/missile attack,3,0,5169.0,Political violence,3675.0,13.8943,44.7825
2024-06-22,Middle East,Yemen,Ad Dali,Explosions/Remote violence,Shelling/artillery/missile attack,5,0,13508.0,Political violence,3675.0,13.8943,44.7825
2024-06-29,Middle East,Yemen,Ad Dali,Explosions/Remote violence,Shelling/artillery/missile attack,1,0,1304.0,Political violence,3675.0,13.8943,44.7825
2024-07-13,Middle East,Yemen,Ad Dali,Explosions/Remote violence,Shelling/artillery/missile attack,1,0,4085.0,Political violence,3675.0,13.8943,44.7825
2024-07-20,Middle East,Yemen,Ad Dali,Explosions/Remote violence,Shelling/artillery/missile attack,1,0,1304.0,Political violence,3675.0,13.8943,44.7825
2024-07-27,Middle East,Yemen,Ad Dali,Explosions/Remote violence,Shelling/artillery/missile attack,1,0,1304.0,Political violence,3675.0,13.8943,44.7825
2024-08-17,Middle East,Yemen,Ad Dali,Explosions/Remote violence,Shelling/artillery/missile attack,3,0,37515.0,Political violence,3675.0,13.8943,44.7825
2024-09-21,Middle East,Yemen,Ad Dali,Explosions/Remote violence,Shelling/artillery/missile attack,1,0,1304.0,Political violence,3675.0,13.8943,44.7825
2024-10-05,Middle East,Yemen,Ad Dali,Explosions/Remote violence,Shelling/artillery/missile attack,3,0,12582.0,Political violence,3675.0,13.8943,44.7825
2024-10-19,Middle East,Yemen,Ad Dali,Explosions/Remote violence,Shelling/artillery/missile attack,2,0,1304.0,Political violence,3675.0,13.8943,44.7825
2024-10-26,Middle East,Yemen,Ad Dali,Explosions/Remote violence,Shelling/artillery/missile attack,2,0,11619.0,Political violence,3675.0,13.8943,44.7825
2024-11-30,Middle East,Yemen,Ad Dali,Explosions/Remote violence,Shelling/artillery/missile attack,1,0,1304.0,Political violence,3675.0,13.8943,44.7825
2024-12-07,Middle East,Yemen,Ad Dali,Explosions/Remote violence,Shelling/artillery/missile attack,1,3,4685.0,Political violence,3675.0,13.8943,44.7825
2024-12-28,Middle East,Yemen,Ad Dali,Explosions/Remote violence,Shelling/artillery/missile attack,1,0,4845.0,Political violence,3675.0,13.8943,44.7825
2025-01-04,Middle East,Yemen,Ad Dali,Explosions/Remote violence,Shelling/artillery/missile attack,1,0,1336.0,Political violence,3675.0,13.8943,44.7825
2025-01-25,Middle East,Yemen,Ad Dali,Explosions/Remote violence,Shelling/artillery/missile attack,1,0,2209.0,Political violence,3675.0,13.8943,44.7825
2025-02-01,Middle East,Yemen,Ad Dali,Explosions/Remote violence,Shelling/artillery/missile attack,1,0,1336.0,Political violence,3675.0,13.8943,44.7825
2025-07-05,Middle East,Yemen,Ad Dali,Explosions/Remote violence,Shelling/artillery/missile attack,1,0,8381.0,Political violence,3675.0,13.8943,44.7825
2025-07-12,Middle East,Yemen,Ad Dali,Explosions/Remote violence,Shelling/artillery/missile attack,1,0,4803.0,Political violence,3675.0,13.8943,44.7825
2025-07-26,Middle East,Yemen,Ad Dali,Explosions/Remote violence,Shelling/artillery/missile attack,1,0,1590.0,Political violence,3675.0,13.8943,44.7825
2025-08-09,Middle East,Yemen,Ad Dali,Explosions/Remote violence,Shelling/artillery/missile attack,2,3,9911.0,Political violence,3675.0,13.8943,44.7825
2025-09-06,Middle East,Yemen,Ad Dali,Explosions/Remote violence,Shelling/artillery/missile attack,1,1,6129.0,Political violence,3675.0,13.8943,44.7825
2025-10-04,Middle East,Yemen,Ad Dali,Explosions/Remote violence,Shelling/artillery/missile attack,1,0,2039.0,Political violence,3675.0,13.8943,44.7825
2025-10-11,Middle East,Yemen,Ad Dali,Explosions/Remote violence,Shelling/artillery/missile attack,1,3,5461.0,Political violence,3675.0,13.8943,44.7825
2025-11-01,Middle East,Yemen,Ad Dali,Explosions/Remote violence,Shelling/artillery/missile attack,1,0,6129.0,Political violence,3675.0,13.8943,44.7825
2025-12-13,Middle East,Yemen,Ad Dali,Explosions/Remote violence,Shelling/artillery/missile attack,1,0,5154.0,Political violence,3675.0,13.8943,44.7825
2025-12-20,Middle East,Yemen,Ad Dali,Explosions/Remote violence,Shelling/artillery/missile attack,1,0,8764.0,Political violence,3675.0,13.8943,44.7825
2025-12-27,Middle East,Yemen,Ad Dali,Explosions/Remote violence,Shelling/artillery/missile attack,2,2,7538.0,Political violence,3675.0,13.8943,44.7825
2026-01-10,Middle East,Yemen,Ad Dali,Explosions/Remote violence,Shelling/artillery/missile attack,1,0,6290.0,Political violence,3675.0,13.8943,44.7825
2026-01-17,Middle East,Yemen,Ad Dali,Explosions/Remote violence,Shelling/artillery/missile attack,2,0,4519.0,Political violence,3675.0,13.8943,44.7825
2026-01-24,Middle East,Yemen,Ad Dali,Explosions/Remote violence,Shelling/artillery/missile attack,1,0,2146.0,Political violence,3675.0,13.8943,44.7825
2026-02-14,Middle East,Yemen,Ad Dali,Explosions/Remote violence,Shelling/artillery/missile attack,1,10,1705.0,Political violence,3675.0,13.8943,44.7825
2026-02-28,Middle East,Yemen,Ad Dali,Explosions/Remote violence,Shelling/artillery/missile attack,1,3,1705.0,Political violence,3675.0,13.8943,44.7825
2026-03-28,Middle East,Yemen,Ad Dali,Explosions/Remote violence,Shelling/artillery/missile attack,2,3,59059.0,Political violence,3675.0,13.8943,44.7825
2026-04-04,Middle East,Yemen,Ad Dali,Explosions/Remote violence,Shelling/artillery/missile attack,1,0,59059.0,Political violence,3675.0,13.8943,44.7825
2024-02-24,Middle East,Yemen,Ad Dali,Violence against civilians,Abduction/forced disappearance,1,0,46615.0,Political violence,3675.0,13.8943,44.7825
2024-05-04,Middle East,Yemen,Ad Dali,Violence against civilians,Abduction/forced disappearance,1,0,1757.0,Political violence,3675.0,13.8943,44.7825
2024-06-22,Middle East,Yemen,Ad Dali,Violence against civilians,Abduction/forced disappearance,2,0,26928.0,Political violence,3675.0,13.8943,44.7825
2024-07-06,Middle East,Yemen,Ad Dali,Violence against civilians,Abduction/forced disappearance,1,0,47119.0,Political violence,3675.0,13.8943,44.7825
2024-09-21,Middle East,Yemen,Ad Dali,Violence against civilians,Abduction/forced disappearance,4,0,44026.0,Political violence,3675.0,13.8943,44.7825
2024-09-28,Middle East,Yemen,Ad Dali,Violence against civilians,Abduction/forced disappearance,1,0,1757.0,Political violence,3675.0,13.8943,44.7825
2024-12-21,Middle East,Yemen,Ad Dali,Violence against civilians,Abduction/forced disappearance,1,0,44026.0,Political violence,3675.0,13.8943,44.7825
2025-01-18,Middle East,Yemen,Ad Dali,Violence against civilians,Abduction/forced disappearance,1,0,1130.0,Political violence,3675.0,13.8943,44.7825
2025-02-15,Middle East,Yemen,Ad Dali,Violence against civilians,Abduction/forced disappearance,1,0,45259.0,Political violence,3675.0,13.8943,44.7825
2025-07-05,Middle East,Yemen,Ad Dali,Violence against civilians,Abduction/forced disappearance,1,0,44453.0,Political violence,3675.0,13.8943,44.7825
2025-08-09,Middle East,Yemen,Ad Dali,Violence against civilians,Abduction/forced disappearance,1,0,1901.0,Political violence,3675.0,13.8943,44.7825
2025-08-23,Middle East,Yemen,Ad Dali,Violence against civilians,Abduction/forced disappearance,2,0,54620.0,Political violence,3675.0,13.8943,44.7825
2025-09-13,Middle East,Yemen,Ad Dali,Violence against civilians,Abduction/forced disappearance,2,0,38498.0,Political violence,3675.0,13.8943,44.7825
2025-09-27,Middle East,Yemen,Ad Dali,Violence against civilians,Abduction/forced disappearance,7,0,106098.0,Political violence,3675.0,13.8943,44.7825
2025-11-15,Middle East,Yemen,Ad Dali,Violence against civilians,Abduction/forced disappearance,1,0,,Political violence,3675.0,13.8943,44.7825
2023-12-30,Middle East,Yemen,Ad Dali,Violence against civilians,Attack,2,1,31743.0,Political violence,3675.0,13.8943,44.7825
2024-04-13,Middle East,Yemen,Ad Dali,Violence against civilians,Attack,1,1,29977.0,Political violence,3675.0,13.8943,44.7825
2024-06-22,Middle East,Yemen,Ad Dali,Violence against civilians,Attack,1,2,503.0,Political violence,3675.0,13.8943,44.7825
2024-06-29,Middle East,Yemen,Ad Dali,Violence against civilians,Attack,1,2,503.0,Political violence,3675.0,13.8943,44.7825
2024-07-20,Middle East,Yemen,Ad Dali,Violence against civilians,Attack,1,1,48373.0,Political violence,3675.0,13.8943,44.7825
2024-07-27,Middle East,Yemen,Ad Dali,Violence against civilians,Attack,2,0,2079.0,Political violence,3675.0,13.8943,44.7825
2024-10-12,Middle East,Yemen,Ad Dali,Violence against civilians,Attack,2,0,2663.0,Political violence,3675.0,13.8943,44.7825
2024-10-19,Middle East,Yemen,Ad Dali,Violence against civilians,Attack,2,0,2663.0,Political violence,3675.0,13.8943,44.7825
2024-11-02,Middle East,Yemen,Ad Dali,Violence against civilians,Attack,1,1,5967.0,Political violence,3675.0,13.8943,44.7825
2024-11-23,Middle East,Yemen,Ad Dali,Violence against civilians,Attack,1,1,53329.0,Political violence,3675.0,13.8943,44.7825
2024-11-30,Middle East,Yemen,Ad Dali,Violence against civilians,Attack,1,0,44026.0,Political violence,3675.0,13.8943,44.7825
2024-12-28,Middle East,Yemen,Ad Dali,Violence against civilians,Attack,1,0,989.0,Political violence,3675.0,13.8943,44.7825
2025-01-18,Middle East,Yemen,Ad Dali,Violence against civilians,Attack,1,0,74338.0,Political violence,3675.0,13.8943,44.7825
2025-02-22,Middle East,Yemen,Ad Dali,Violence against civilians,Attack,1,0,1012.0,Political violence,3675.0,13.8943,44.7825
2025-04-12,Middle East,Yemen,Ad Dali,Violence against civilians,Attack,1,0,3574.0,Political violence,3675.0,13.8943,44.7825
2025-05-03,Middle East,Yemen,Ad Dali,Violence against civilians,Attack,1,0,812.0,Political violence,3675.0,13.8943,44.7825
2025-05-31,Middle East,Yemen,Ad Dali,Violence against civilians,Attack,1,1,43095.0,Political violence,3675.0,13.8943,44.7825
2025-06-14,Middle East,Yemen,Ad Dali,Violence against civilians,Attack,1,0,3941.0,Political violence,3675.0,13.8943,44.7825
2025-06-21,Middle East,Yemen,Ad Dali,Violence against civilians,Attack,2,1,4896.0,Political violence,3675.0,13.8943,44.7825
2025-06-28,Middle East,Yemen,Ad Dali,Violence against civilians,Attack,1,1,4234.0,Political violence,3675.0,13.8943,44.7825
2025-07-19,Middle East,Yemen,Ad Dali,Violence against civilians,Attack,2,1,16101.0,Political violence,3675.0,13.8943,44.7825
2025-08-30,Middle East,Yemen,Ad Dali,Violence against civilians,Attack,1,1,13258.0,Political violence,3675.0,13.8943,44.7825
2025-09-13,Middle East,Yemen,Ad Dali,Violence against civilians,Attack,1,0,27652.0,Political violence,3675.0,13.8943,44.7825
2025-09-20,Middle East,Yemen,Ad Dali,Violence against civilians,Attack,1,0,27652.0,Political violence,3675.0,13.8943,44.7825
2025-10-25,Middle East,Yemen,Ad Dali,Violence against civilians,Attack,1,0,7133.0,Political violence,3675.0,13.8943,44.7825
2026-01-24,Middle East,Yemen,Ad Dali,Violence against civilians,Attack,1,0,,Political violence,3675.0,13.8943,44.7825
2026-03-07,Middle East,Yemen,Ad Dali,Violence against civilians,Attack,1,1,40053.0,Political violence,3675.0,13.8943,44.7825
2026-03-14,Middle East,Yemen,Ad Dali,Violence against civilians,Attack,1,0,50760.0,Political violence,3675.0,13.8943,44.7825
2026-03-28,Middle East,Yemen,Ad Dali,Violence against civilians,Attack,1,0,,Political violence,3675.0,13.8943,44.7825
2026-04-18,Middle East,Yemen,Ad Dali,Violence against civilians,Attack,1,0,,Political violence,3675.0,13.8943,44.7825
2023-11-11,Middle East,Yemen,Aden,Battles,Armed clash,4,1,36916.0,Political violence,3676.0,12.8058,44.788
2023-11-18,Middle East,Yemen,Aden,Battles,Armed clash,1,1,14419.0,Political violence,3676.0,12.8058,44.788
2023-12-02,Middle East,Yemen,Aden,Battles,Armed clash,1,0,13372.0,Political violence,3676.0,12.8058,44.788
2023-12-09,Middle East,Yemen,Aden,Battles,Armed clash,2,0,41988.0,Political violence,3676.0,12.8058,44.788
2023-12-16,Middle East,Yemen,Aden,Battles,Armed clash,2,1,35636.0,Political violence,3676.0,12.8058,44.788
2023-12-23,Middle East,Yemen,Aden,Battles,Armed clash,2,1,41296.0,Political violence,3676.0,12.8058,44.788
2023-12-30,Middle East,Yemen,Aden,Battles,Armed clash,1,1,42472.0,Political violence,3676.0,12.8058,44.788
2024-01-06,Middle East,Yemen,Aden,Battles,Armed clash,1,0,24618.0,Political violence,3676.0,12.8058,44.788
2024-01-27,Middle East,Yemen,Aden,Battles,Armed clash,1,1,37159.0,Political violence,3676.0,12.8058,44.788
2024-02-10,Middle East,Yemen,Aden,Battles,Armed clash,1,0,22702.0,Political violence,3676.0,12.8058,44.788
2024-02-24,Middle East,Yemen,Aden,Battles,Armed clash,1,0,25264.0,Political violence,3676.0,12.8058,44.788
2024-03-16,Middle East,Yemen,Aden,Battles,Armed clash,2,0,240037.0,Political violence,3676.0,12.8058,44.788
2024-06-15,Middle East,Yemen,Aden,Battles,Armed clash,1,1,14829.0,Political violence,3676.0,12.8058,44.788
2024-06-22,Middle East,Yemen,Aden,Battles,Armed clash,1,0,679.0,Political violence,3676.0,12.8058,44.788
2024-06-29,Middle East,Yemen,Aden,Battles,Armed clash,2,1,70889.0,Political violence,3676.0,12.8058,44.788
2024-07-13,Middle East,Yemen,Aden,Battles,Armed clash,1,1,46851.0,Political violence,3676.0,12.8058,44.788
2024-07-27,Middle East,Yemen,Aden,Battles,Armed clash,1,0,555.0,Political violence,3676.0,12.8058,44.788
2024-08-03,Middle East,Yemen,Aden,Battles,Armed clash,1,1,7800.0,Political violence,3676.0,12.8058,44.788
2024-09-07,Middle East,Yemen,Aden,Battles,Armed clash,1,1,30796.0,Political violence,3676.0,12.8058,44.788
2024-10-19,Middle East,Yemen,Aden,Battles,Armed clash,1,0,15978.0,Political violence,3676.0,12.8058,44.788
2024-11-16,Middle East,Yemen,Aden,Battles,Armed clash,2,0,32259.0,Political violence,3676.0,12.8058,44.788
2025-01-11,Middle East,Yemen,Aden,Battles,Armed clash,1,0,21706.0,Political violence,3676.0,12.8058,44.788
2025-01-18,Middle East,Yemen,Aden,Battles,Armed clash,1,0,71816.0,Political violence,3676.0,12.8058,44.788
2025-02-08,Middle East,Yemen,Aden,Battles,Armed clash,1,0,25769.0,Political violence,3676.0,12.8058,44.788
2025-03-01,Middle East,Yemen,Aden,Battles,Armed clash,1,1,43331.0,Political violence,3676.0,12.8058,44.788
2025-03-22,Middle East,Yemen,Aden,Battles,Armed clash,1,0,43634.0,Political violence,3676.0,12.8058,44.788
2025-04-19,Middle East,Yemen,Aden,Battles,Armed clash,1,0,41941.0,Political violence,3676.0,12.8058,44.788
2025-05-03,Middle East,Yemen,Aden,Battles,Armed clash,1,1,11314.0,Political violence,3676.0,12.8058,44.788
2025-05-24,Middle East,Yemen,Aden,Battles,Armed clash,1,1,16783.0,Political violence,3676.0,12.8058,44.788
2025-06-28,Middle East,Yemen,Aden,Battles,Armed clash,1,0,570.0,Political violence,3676.0,12.8058,44.788
2025-08-23,Middle East,Yemen,Aden,Battles,Armed clash,1,0,13349.0,Political violence,3676.0,12.8058,44.788
2025-09-27,Middle East,Yemen,Aden,Battles,Armed clash,1,0,45676.0,Political violence,3676.0,12.8058,44.788
2025-10-18,Middle East,Yemen,Aden,Battles,Armed clash,1,0,27167.0,Political violence,3676.0,12.8058,44.788
2025-11-22,Middle East,Yemen,Aden,Battles,Armed clash,1,0,,Political violence,3676.0,12.8058,44.788
2026-02-21,Middle East,Yemen,Aden,Battles,Armed clash,1,1,5237.0,Political violence,3676.0,12.8058,44.788
2026-02-28,Middle East,Yemen,Aden,Battles,Armed clash,2,1,17003.0,Political violence,3676.0,12.8058,44.788
2026-04-11,Middle East,Yemen,Aden,Battles,Armed clash,1,0,,Political violence,3676.0,12.8058,44.788
2026-04-18,Middle East,Yemen,Aden,Battles,Armed clash,1,0,,Political violence,3676.0,12.8058,44.788
2026-01-03,Middle East,Yemen,Aden,Explosions/Remote violence,Air/drone strike,2,0,20166.0,Political violence,3676.0,12.8058,44.788
2023-10-07,Middle East,Yemen,Aden,Violence against civilians,Abduction/forced disappearance,1,0,23907.0,Political violence,3676.0,12.8058,44.788
2023-10-14,Middle East,Yemen,Aden,Violence against civilians,Abduction/forced disappearance,1,0,9004.0,Political violence,3676.0,12.8058,44.788
2023-11-11,Middle East,Yemen,Aden,Violence against civilians,Abduction/forced disappearance,1,0,11818.0,Political violence,3676.0,12.8058,44.788
2023-11-18,Middle East,Yemen,Aden,Violence against civilians,Abduction/forced disappearance,1,0,22147.0,Political violence,3676.0,12.8058,44.788
2023-12-23,Middle East,Yemen,Aden,Violence against civilians,Abduction/forced disappearance,1,0,17446.0,Political violence,3676.0,12.8058,44.788
2024-02-03,Middle East,Yemen,Aden,Violence against civilians,Abduction/forced disappearance,1,0,41509.0,Political violence,3676.0,12.8058,44.788
2024-02-24,Middle East,Yemen,Aden,Violence against civilians,Abduction/forced disappearance,1,0,61773.0,Political violence,3676.0,12.8058,44.788
2024-03-02,Middle East,Yemen,Aden,Violence against civilians,Abduction/forced disappearance,1,0,16484.0,Political violence,3676.0,12.8058,44.788
2024-03-09,Middle East,Yemen,Aden,Violence against civilians,Abduction/forced disappearance,1,0,146621.0,Political violence,3676.0,12.8058,44.788
2024-03-23,Middle East,Yemen,Aden,Violence against civilians,Abduction/forced disappearance,2,0,122807.0,Political violence,3676.0,12.8058,44.788
2024-04-27,Middle East,Yemen,Aden,Violence against civilians,Abduction/forced disappearance,2,0,26794.0,Political violence,3676.0,12.8058,44.788
2024-05-04,Middle East,Yemen,Aden,Violence against civilians,Abduction/forced disappearance,1,0,22223.0,Political violence,3676.0,12.8058,44.788
2024-05-11,Middle East,Yemen,Aden,Violence against civilians,Abduction/forced disappearance,2,0,59118.0,Political violence,3676.0,12.8058,44.788
2024-05-25,Middle East,Yemen,Aden,Violence against civilians,Abduction/forced disappearance,2,0,27123.0,Political violence,3676.0,12.8058,44.788
2024-06-08,Middle East,Yemen,Aden,Violence against civilians,Abduction/forced disappearance,4,0,84950.0,Political violence,3676.0,12.8058,44.788
2024-06-15,Middle East,Yemen,Aden,Violence against civilians,Abduction/forced disappearance,1,0,12157.0,Political violence,3676.0,12.8058,44.788
2024-07-06,Middle East,Yemen,Aden,Violence against civilians,Abduction/forced disappearance,1,0,12157.0,Political violence,3676.0,12.8058,44.788
2024-07-13,Middle East,Yemen,Aden,Violence against civilians,Abduction/forced disappearance,2,0,18349.0,Political violence,3676.0,12.8058,44.788
2024-07-20,Middle East,Yemen,Aden,Violence against civilians,Abduction/forced disappearance,2,0,36749.0,Political violence,3676.0,12.8058,44.788
2024-08-03,Middle East,Yemen,Aden,Violence against civilians,Abduction/forced disappearance,1,0,22223.0,Political violence,3676.0,12.8058,44.788
2024-08-10,Middle East,Yemen,Aden,Violence against civilians,Abduction/forced disappearance,1,0,34318.0,Political violence,3676.0,12.8058,44.788
2024-08-17,Middle East,Yemen,Aden,Violence against civilians,Abduction/forced disappearance,1,0,2181.0,Political violence,3676.0,12.8058,44.788
2024-08-24,Middle East,Yemen,Aden,Violence against civilians,Abduction/forced disappearance,2,0,71747.0,Political violence,3676.0,12.8058,44.788
2024-08-31,Middle East,Yemen,Aden,Violence against civilians,Abduction/forced disappearance,2,0,115346.0,Political violence,3676.0,12.8058,44.788
2024-09-07,Middle East,Yemen,Aden,Violence against civilians,Abduction/forced disappearance,1,0,14402.0,Political violence,3676.0,12.8058,44.788
2024-09-21,Middle East,Yemen,Aden,Violence against civilians,Abduction/forced disappearance,1,0,31687.0,Political violence,3676.0,12.8058,44.788
2024-10-05,Middle East,Yemen,Aden,Violence against civilians,Abduction/forced disappearance,1,0,18231.0,Political violence,3676.0,12.8058,44.788
2024-10-26,Middle East,Yemen,Aden,Violence against civilians,Abduction/forced disappearance,1,0,555.0,Political violence,3676.0,12.8058,44.788
2024-11-23,Middle East,Yemen,Aden,Violence against civilians,Abduction/forced disappearance,1,0,20339.0,Political violence,3676.0,12.8058,44.788
2025-01-11,Middle East,Yemen,Aden,Violence against civilians,Abduction/forced disappearance,2,0,53425.0,Political violence,3676.0,12.8058,44.788
2025-01-18,Middle East,Yemen,Aden,Violence against civilians,Abduction/forced disappearance,1,0,71816.0,Political violence,3676.0,12.8058,44.788
2025-02-15,Middle East,Yemen,Aden,Violence against civilians,Abduction/forced disappearance,4,0,63859.0,Political violence,3676.0,12.8058,44.788
2025-03-22,Middle East,Yemen,Aden,Violence against civilians,Abduction/forced disappearance,1,0,14230.0,Political violence,3676.0,12.8058,44.788
2025-04-12,Middle East,Yemen,Aden,Violence against civilians,Abduction/forced disappearance,1,0,18988.0,Political violence,3676.0,12.8058,44.788
2025-04-19,Middle East,Yemen,Aden,Violence against civilians,Abduction/forced disappearance,1,0,35295.0,Political violence,3676.0,12.8058,44.788
2025-05-10,Middle East,Yemen,Aden,Violence against civilians,Abduction/forced disappearance,1,0,14222.0,Political violence,3676.0,12.8058,44.788
2025-05-31,Middle East,Yemen,Aden,Violence against civilians,Abduction/forced disappearance,1,0,25769.0,Political violence,3676.0,12.8058,44.788
2025-06-28,Middle East,Yemen,Aden,Violence against civilians,Abduction/forced disappearance,1,0,33584.0,Political violence,3676.0,12.8058,44.788
2025-07-12,Middle East,Yemen,Aden,Violence against civilians,Abduction/forced disappearance,3,0,64971.0,Political violence,3676.0,12.8058,44.788
2025-07-26,Middle East,Yemen,Aden,Violence against civilians,Abduction/forced disappearance,1,0,84625.0,Political violence,3676.0,12.8058,44.788
2025-08-16,Middle East,Yemen,Aden,Violence against civilians,Abduction/forced disappearance,1,0,4712.0,Political violence,3676.0,12.8058,44.788
2025-09-27,Middle East,Yemen,Aden,Violence against civilians,Abduction/forced disappearance,2,0,51902.0,Political violence,3676.0,12.8058,44.788
2025-10-04,Middle East,Yemen,Aden,Violence against civilians,Abduction/forced disappearance,1,0,18363.0,Political violence,3676.0,12.8058,44.788
2025-10-11,Middle East,Yemen,Aden,Violence against civilians,Abduction/forced disappearance,1,0,13235.0,Political violence,3676.0,12.8058,44.788
2025-11-15,Middle East,Yemen,Aden,Violence against civilians,Abduction/forced disappearance,1,0,31971.0,Political violence,3676.0,12.8058,44.788
2025-12-13,Middle East,Yemen,Aden,Violence against civilians,Abduction/forced disappearance,2,0,137037.0,Political violence,3676.0,12.8058,44.788
2026-01-10,Middle East,Yemen,Aden,Violence against civilians,Abduction/forced disappearance,3,0,47454.0,Political violence,3676.0,12.8058,44.788
2026-03-28,Middle East,Yemen,Aden,Violence against civilians,Abduction/forced disappearance,2,0,51720.0,Political violence,3676.0,12.8058,44.788
2026-04-11,Middle East,Yemen,Aden,Violence against civilians,Abduction/forced disappearance,1,0,,Political violence,3676.0,12.8058,44.788
2026-04-18,Middle East,Yemen,Aden,Violence against civilians,Abduction/forced disappearance,1,0,,Political violence,3676.0,12.8058,44.788
2023-11-11,Middle East,Yemen,Aden,Violence against civilians,Attack,2,0,52125.0,Political violence,3676.0,12.8058,44.788
2023-11-25,Middle East,Yemen,Aden,Violence against civilians,Attack,2,1,35636.0,Political violence,3676.0,12.8058,44.788
2023-12-16,Middle East,Yemen,Aden,Violence against civilians,Attack,1,1,6273.0,Political violence,3676.0,12.8058,44.788
2024-01-20,Middle East,Yemen,Aden,Violence against civilians,Attack,1,1,37159.0,Political violence,3676.0,12.8058,44.788
2024-01-27,Middle East,Yemen,Aden,Violence against civilians,Attack,1,0,15854.0,Political violence,3676.0,12.8058,44.788
2024-03-16,Middle East,Yemen,Aden,Violence against civilians,Attack,1,0,58193.0,Political violence,3676.0,12.8058,44.788
2024-03-23,Middle East,Yemen,Aden,Violence against civilians,Attack,1,0,13405.0,Political violence,3676.0,12.8058,44.788
2024-04-06,Middle East,Yemen,Aden,Violence against civilians,Attack,1,0,15854.0,Political violence,3676.0,12.8058,44.788
2024-04-20,Middle East,Yemen,Aden,Violence against civilians,Attack,2,1,53148.0,Political violence,3676.0,12.8058,44.788
2024-05-18,Middle East,Yemen,Aden,Violence against civilians,Attack,1,0,18087.0,Political violence,3676.0,12.8058,44.788
2024-05-25,Middle East,Yemen,Aden,Violence against civilians,Attack,1,1,25264.0,Political violence,3676.0,12.8058,44.788
2024-06-22,Middle East,Yemen,Aden,Violence against civilians,Attack,2,1,16687.0,Political violence,3676.0,12.8058,44.788
2024-07-13,Middle East,Yemen,Aden,Violence against civilians,Attack,1,1,22223.0,Political violence,3676.0,12.8058,44.788
2024-08-03,Middle East,Yemen,Aden,Violence against civilians,Attack,2,0,12528.0,Political violence,3676.0,12.8058,44.788
2024-09-21,Middle East,Yemen,Aden,Violence against civilians,Attack,2,1,76790.0,Political violence,3676.0,12.8058,44.788
2024-10-05,Middle East,Yemen,Aden,Violence against civilians,Attack,1,0,110643.0,Political violence,3676.0,12.8058,44.788
2024-12-21,Middle East,Yemen,Aden,Violence against civilians,Attack,1,0,34318.0,Political violence,3676.0,12.8058,44.788
2025-01-04,Middle East,Yemen,Aden,Violence against civilians,Attack,1,0,9295.0,Political violence,3676.0,12.8058,44.788
2025-01-11,Middle East,Yemen,Aden,Violence against civilians,Attack,1,0,7098.0,Political violence,3676.0,12.8058,44.788
2025-02-15,Middle East,Yemen,Aden,Violence against civilians,Attack,1,0,25533.0,Political violence,3676.0,12.8058,44.788
2025-02-22,Middle East,Yemen,Aden,Violence against civilians,Attack,1,1,50331.0,Political violence,3676.0,12.8058,44.788
2025-03-01,Middle East,Yemen,Aden,Violence against civilians,Attack,1,0,10882.0,Political violence,3676.0,12.8058,44.788
2025-03-08,Middle East,Yemen,Aden,Violence against civilians,Attack,1,1,25769.0,Political violence,3676.0,12.8058,44.788
2025-03-15,Middle East,Yemen,Aden,Violence against civilians,Attack,1,1,37989.0,Political violence,3676.0,12.8058,44.788
2025-03-29,Middle East,Yemen,Aden,Violence against civilians,Attack,1,0,49962.0,Political violence,3676.0,12.8058,44.788
2025-04-05,Middle East,Yemen,Aden,Violence against civilians,Attack,1,0,11188.0,Political violence,3676.0,12.8058,44.788
2025-04-26,Middle East,Yemen,Aden,Violence against civilians,Attack,1,1,15415.0,Political violence,3676.0,12.8058,44.788
2025-05-10,Middle East,Yemen,Aden,Violence against civilians,Attack,1,0,25769.0,Political violence,3676.0,12.8058,44.788
2025-06-07,Middle East,Yemen,Aden,Violence against civilians,Attack,1,1,18737.0,Political violence,3676.0,12.8058,44.788
2025-06-14,Middle East,Yemen,Aden,Violence against civilians,Attack,2,1,34429.0,Political violence,3676.0,12.8058,44.788
2025-07-12,Middle East,Yemen,Aden,Violence against civilians,Attack,1,0,19752.0,Political violence,3676.0,12.8058,44.788
2025-08-30,Middle East,Yemen,Aden,Violence against civilians,Attack,1,0,8660.0,Political violence,3676.0,12.8058,44.788
2025-09-20,Middle East,Yemen,Aden,Violence against civilians,Attack,2,1,58232.0,Political violence,3676.0,12.8058,44.788
2025-10-04,Middle East,Yemen,Aden,Violence against civilians,Attack,1,0,5020.0,Political violence,3676.0,12.8058,44.788
2025-11-22,Middle East,Yemen,Aden,Violence against civilians,Attack,1,1,,Political violence,3676.0,12.8058,44.788
2026-01-03,Middle East,Yemen,Aden,Violence against civilians,Attack,1,0,14199.0,Political violence,3676.0,12.8058,44.788
2026-01-31,Middle East,Yemen,Aden,Violence against civilians,Attack,1,0,14154.0,Political violence,3676.0,12.8058,44.788
2026-02-28,Middle East,Yemen,Aden,Violence against civilians,Attack,1,1,28722.0,Political violence,3676.0,12.8058,44.788
2026-04-04,Middle East,Yemen,Aden,Violence against civilians,Attack,2,0,23648.0,Political violence,3676.0,12.8058,44.788
2026-04-11,Middle East,Yemen,Aden,Violence against civilians,Attack,1,0,23648.0,Political violence,3676.0,12.8058,44.788
2023-10-07,Middle East,Yemen,Al Bayda,Battles,Armed clash,3,15,24648.0,Political violence,3677.0,14.326,45.216
2023-10-14,Middle East,Yemen,Al Bayda,Battles,Armed clash,2,0,,Political violence,3677.0,14.326,45.216
2023-10-28,Middle East,Yemen,Al Bayda,Battles,Armed clash,4,0,,Political violence,3677.0,14.326,45.216
2023-11-11,Middle East,Yemen,Al Bayda,Battles,Armed clash,2,0,,Political violence,3677.0,14.326,45.216
2023-12-02,Middle East,Yemen,Al Bayda,Battles,Armed clash,1,0,,Political violence,3677.0,14.326,45.216
2023-12-09,Middle East,Yemen,Al Bayda,Battles,Armed clash,1,0,,Political violence,3677.0,14.326,45.216
2023-12-16,Middle East,Yemen,Al Bayda,Battles,Armed clash,2,0,70763.0,Political violence,3677.0,14.326,45.216
2023-12-30,Middle East,Yemen,Al Bayda,Battles,Armed clash,1,2,5632.0,Political violence,3677.0,14.326,45.216
2024-01-20,Middle East,Yemen,Al Bayda,Battles,Armed clash,2,2,16589.0,Political violence,3677.0,14.326,45.216
2024-01-27,Middle East,Yemen,Al Bayda,Battles,Armed clash,2,10,8787.0,Political violence,3677.0,14.326,45.216
2024-02-03,Middle East,Yemen,Al Bayda,Battles,Armed clash,5,41,60877.0,Political violence,3677.0,14.326,45.216
2024-02-10,Middle East,Yemen,Al Bayda,Battles,Armed clash,2,0,8787.0,Political violence,3677.0,14.326,45.216
2024-02-17,Middle East,Yemen,Al Bayda,Battles,Armed clash,2,15,6852.0,Political violence,3677.0,14.326,45.216
2024-02-24,Middle East,Yemen,Al Bayda,Battles,Armed clash,1,0,5632.0,Political violence,3677.0,14.326,45.216
2024-03-16,Middle East,Yemen,Al Bayda,Battles,Armed clash,1,2,147550.0,Political violence,3677.0,14.326,45.216
2024-03-30,Middle East,Yemen,Al Bayda,Battles,Armed clash,1,1,107450.0,Political violence,3677.0,14.326,45.216
2024-04-06,Middle East,Yemen,Al Bayda,Battles,Armed clash,3,0,193886.0,Political violence,3677.0,14.326,45.216
2024-04-13,Middle East,Yemen,Al Bayda,Battles,Armed clash,1,1,17932.0,Political violence,3677.0,14.326,45.216
2024-04-20,Middle East,Yemen,Al Bayda,Battles,Armed clash,2,2,107450.0,Political violence,3677.0,14.326,45.216
2024-04-27,Middle East,Yemen,Al Bayda,Battles,Armed clash,1,0,8389.0,Political violence,3677.0,14.326,45.216
2024-05-25,Middle East,Yemen,Al Bayda,Battles,Armed clash,1,0,10411.0,Political violence,3677.0,14.326,45.216
2024-06-01,Middle East,Yemen,Al Bayda,Battles,Armed clash,2,2,107450.0,Political violence,3677.0,14.326,45.216
2024-06-08,Middle East,Yemen,Al Bayda,Battles,Armed clash,2,0,113082.0,Political violence,3677.0,14.326,45.216
2024-06-22,Middle East,Yemen,Al Bayda,Battles,Armed clash,1,0,8070.0,Political violence,3677.0,14.326,45.216
2024-07-06,Middle East,Yemen,Al Bayda,Battles,Armed clash,2,1,107450.0,Political violence,3677.0,14.326,45.216
2024-07-13,Middle East,Yemen,Al Bayda,Battles,Armed clash,3,1,113082.0,Political violence,3677.0,14.326,45.216
2024-07-27,Middle East,Yemen,Al Bayda,Battles,Armed clash,1,0,5632.0,Political violence,3677.0,14.326,45.216
2024-08-03,Middle East,Yemen,Al Bayda,Battles,Armed clash,1,6,8196.0,Political violence,3677.0,14.326,45.216
2024-08-10,Middle East,Yemen,Al Bayda,Battles,Armed clash,1,0,8196.0,Political violence,3677.0,14.326,45.216
2024-08-24,Middle East,Yemen,Al Bayda,Battles,Armed clash,2,0,5632.0,Political violence,3677.0,14.326,45.216
2024-08-31,Middle East,Yemen,Al Bayda,Battles,Armed clash,1,1,107450.0,Political violence,3677.0,14.326,45.216
2024-09-07,Middle East,Yemen,Al Bayda,Battles,Armed clash,3,3,193886.0,Political violence,3677.0,14.326,45.216
2024-09-21,Middle East,Yemen,Al Bayda,Battles,Armed clash,1,0,5632.0,Political violence,3677.0,14.326,45.216
2024-10-05,Middle East,Yemen,Al Bayda,Battles,Armed clash,1,0,5632.0,Political violence,3677.0,14.326,45.216
2024-10-26,Middle East,Yemen,Al Bayda,Battles,Armed clash,1,0,13049.0,Political violence,3677.0,14.326,45.216
2024-11-02,Middle East,Yemen,Al Bayda,Battles,Armed clash,2,0,5632.0,Political violence,3677.0,14.326,45.216
2024-11-16,Middle East,Yemen,Al Bayda,Battles,Armed clash,1,0,5632.0,Political violence,3677.0,14.326,45.216
2024-11-23,Middle East,Yemen,Al Bayda,Battles,Armed clash,1,0,5632.0,Political violence,3677.0,14.326,45.216
2024-11-30,Middle East,Yemen,Al Bayda,Battles,Armed clash,2,0,5632.0,Political violence,3677.0,14.326,45.216
2024-12-07,Middle East,Yemen,Al Bayda,Battles,Armed clash,1,0,5632.0,Political violence,3677.0,14.326,45.216
2024-12-14,Middle East,Yemen,Al Bayda,Battles,Armed clash,2,0,5632.0,Political violence,3677.0,14.326,45.216
2024-12-21,Middle East,Yemen,Al Bayda,Battles,Armed clash,2,1,13828.0,Political violence,3677.0,14.326,45.216
2024-12-28,Middle East,Yemen,Al Bayda,Battles,Armed clash,2,4,81506.0,Political violence,3677.0,14.326,45.216
2025-01-04,Middle East,Yemen,Al Bayda,Battles,Armed clash,13,22,207348.0,Political violence,3677.0,14.326,45.216
2025-01-11,Middle East,Yemen,Al Bayda,Battles,Armed clash,2,16,15273.0,Political violence,3677.0,14.326,45.216
2025-01-18,Middle East,Yemen,Al Bayda,Battles,Armed clash,4,9,99242.0,Political violence,3677.0,14.326,45.216
2025-02-01,Middle East,Yemen,Al Bayda,Battles,Armed clash,1,0,15179.0,Political violence,3677.0,14.326,45.216
2025-02-08,Middle East,Yemen,Al Bayda,Battles,Armed clash,2,5,96418.0,Political violence,3677.0,14.326,45.216
2025-02-15,Middle East,Yemen,Al Bayda,Battles,Armed clash,1,0,15179.0,Political violence,3677.0,14.326,45.216
2025-02-22,Middle East,Yemen,Al Bayda,Battles,Armed clash,2,0,99148.0,Political violence,3677.0,14.326,45.216
2025-03-01,Middle East,Yemen,Al Bayda,Battles,Armed clash,3,0,15179.0,Political violence,3677.0,14.326,45.216
2025-03-08,Middle East,Yemen,Al Bayda,Battles,Armed clash,2,0,15179.0,Political violence,3677.0,14.326,45.216
2025-03-22,Middle East,Yemen,Al Bayda,Battles,Armed clash,2,0,15179.0,Political violence,3677.0,14.326,45.216
2025-03-29,Middle East,Yemen,Al Bayda,Battles,Armed clash,1,5,72558.0,Political violence,3677.0,14.326,45.216
2025-04-05,Middle East,Yemen,Al Bayda,Battles,Armed clash,1,0,15179.0,Political violence,3677.0,14.326,45.216
2025-04-12,Middle East,Yemen,Al Bayda,Battles,Armed clash,1,4,38464.0,Political violence,3677.0,14.326,45.216
2025-05-03,Middle East,Yemen,Al Bayda,Battles,Armed clash,2,5,83411.0,Political violence,3677.0,14.326,45.216
2025-05-17,Middle East,Yemen,Al Bayda,Battles,Armed clash,2,1,99148.0,Political violence,3677.0,14.326,45.216
2025-05-24,Middle East,Yemen,Al Bayda,Battles,Armed clash,1,0,15179.0,Political violence,3677.0,14.326,45.216
2025-06-07,Middle East,Yemen,Al Bayda,Battles,Armed clash,1,1,15179.0,Political violence,3677.0,14.326,45.216
2025-06-21,Middle East,Yemen,Al Bayda,Battles,Armed clash,1,0,18655.0,Political violence,3677.0,14.326,45.216
2025-06-28,Middle East,Yemen,Al Bayda,Battles,Armed clash,1,0,15179.0,Political violence,3677.0,14.326,45.216
2025-07-19,Middle East,Yemen,Al Bayda,Battles,Armed clash,1,6,83969.0,Political violence,3677.0,14.326,45.216
2025-07-26,Middle East,Yemen,Al Bayda,Battles,Armed clash,1,3,83969.0,Political violence,3677.0,14.326,45.216
2025-08-16,Middle East,Yemen,Al Bayda,Battles,Armed clash,2,0,15179.0,Political violence,3677.0,14.326,45.216
2025-08-23,Middle East,Yemen,Al Bayda,Battles,Armed clash,2,1,15179.0,Political violence,3677.0,14.326,45.216
2025-08-30,Middle East,Yemen,Al Bayda,Battles,Armed clash,1,2,13849.0,Political violence,3677.0,14.326,45.216
2025-09-06,Middle East,Yemen,Al Bayda,Battles,Armed clash,2,0,15179.0,Political violence,3677.0,14.326,45.216
2025-09-13,Middle East,Yemen,Al Bayda,Battles,Armed clash,1,0,15179.0,Political violence,3677.0,14.326,45.216
2025-09-20,Middle East,Yemen,Al Bayda,Battles,Armed clash,1,0,15179.0,Political violence,3677.0,14.326,45.216
2025-09-27,Middle East,Yemen,Al Bayda,Battles,Armed clash,1,0,15179.0,Political violence,3677.0,14.326,45.216
2025-10-04,Middle East,Yemen,Al Bayda,Battles,Armed clash,1,0,83969.0,Political violence,3677.0,14.326,45.216
2025-10-11,Middle East,Yemen,Al Bayda,Battles,Armed clash,3,1,29797.0,Political violence,3677.0,14.326,45.216
2025-10-18,Middle East,Yemen,Al Bayda,Battles,Armed clash,1,0,15179.0,Political violence,3677.0,14.326,45.216
2025-10-25,Middle East,Yemen,Al Bayda,Battles,Armed clash,1,0,15179.0,Political violence,3677.0,14.326,45.216
2025-11-01,Middle East,Yemen,Al Bayda,Battles,Armed clash,4,1,15727.0,Political violence,3677.0,14.326,45.216
2025-11-08,Middle East,Yemen,Al Bayda,Battles,Armed clash,5,17,15727.0,Political violence,3677.0,14.326,45.216
2025-11-15,Middle East,Yemen,Al Bayda,Battles,Armed clash,3,0,15179.0,Political violence,3677.0,14.326,45.216
2025-11-22,Middle East,Yemen,Al Bayda,Battles,Armed clash,2,0,15179.0,Political violence,3677.0,14.326,45.216
2025-11-29,Middle East,Yemen,Al Bayda,Battles,Armed clash,1,0,15179.0,Political violence,3677.0,14.326,45.216
2025-12-06,Middle East,Yemen,Al Bayda,Battles,Armed clash,1,0,15179.0,Political violence,3677.0,14.326,45.216
2025-12-20,Middle East,Yemen,Al Bayda,Battles,Armed clash,4,0,17727.0,Political violence,3677.0,14.326,45.216
2025-12-27,Middle East,Yemen,Al Bayda,Battles,Armed clash,1,0,2548.0,Political violence,3677.0,14.326,45.216
2026-01-03,Middle East,Yemen,Al Bayda,Battles,Armed clash,2,0,18231.0,Political violence,3677.0,14.326,45.216
2026-01-10,Middle East,Yemen,Al Bayda,Battles,Armed clash,2,0,18231.0,Political violence,3677.0,14.326,45.216
2026-01-24,Middle East,Yemen,Al Bayda,Battles,Armed clash,1,0,15613.0,Political violence,3677.0,14.326,45.216
2026-01-31,Middle East,Yemen,Al Bayda,Battles,Armed clash,2,1,30491.0,Political violence,3677.0,14.326,45.216
2026-02-07,Middle East,Yemen,Al Bayda,Battles,Armed clash,3,0,15613.0,Political violence,3677.0,14.326,45.216
2026-02-14,Middle East,Yemen,Al Bayda,Battles,Armed clash,3,4,163097.0,Political violence,3677.0,14.326,45.216
2026-02-28,Middle East,Yemen,Al Bayda,Battles,Armed clash,2,0,15613.0,Political violence,3677.0,14.326,45.216
2026-03-07,Middle East,Yemen,Al Bayda,Battles,Armed clash,3,1,82755.0,Political violence,3677.0,14.326,45.216
2026-03-14,Middle East,Yemen,Al Bayda,Battles,Armed clash,1,2,67142.0,Political violence,3677.0,14.326,45.216
2026-03-21,Middle East,Yemen,Al Bayda,Battles,Armed clash,5,6,15613.0,Political violence,3677.0,14.326,45.216
2026-04-04,Middle East,Yemen,Al Bayda,Battles,Armed clash,2,0,,Political violence,3677.0,14.326,45.216
2026-04-11,Middle East,Yemen,Al Bayda,Battles,Armed clash,2,0,,Political violence,3677.0,14.326,45.216
2026-04-18,Middle East,Yemen,Al Bayda,Battles,Armed clash,3,0,,Political violence,3677.0,14.326,45.216
2023-11-18,Middle East,Yemen,Al Bayda,Explosions/Remote violence,Air/drone strike,1,1,,Political violence,3677.0,14.326,45.216
2024-01-20,Middle East,Yemen,Al Bayda,Explosions/Remote violence,Air/drone strike,1,0,26599.0,Political violence,3677.0,14.326,45.216
2024-01-27,Middle East,Yemen,Al Bayda,Explosions/Remote violence,Air/drone strike,3,0,55140.0,Political violence,3677.0,14.326,45.216
2024-02-03,Middle East,Yemen,Al Bayda,Explosions/Remote violence,Air/drone strike,2,0,98646.0,Political violence,3677.0,14.326,45.216
2024-09-28,Middle East,Yemen,Al Bayda,Explosions/Remote violence,Air/drone strike,1,0,33096.0,Political violence,3677.0,14.326,45.216
2024-11-09,Middle East,Yemen,Al Bayda,Explosions/Remote violence,Air/drone strike,2,0,44622.0,Political violence,3677.0,14.326,45.216
2025-03-15,Middle East,Yemen,Al Bayda,Explosions/Remote violence,Air/drone strike,4,4,166448.0,Political violence,3677.0,14.326,45.216
2025-04-12,Middle East,Yemen,Al Bayda,Explosions/Remote violence,Air/drone strike,8,0,89090.0,Political violence,3677.0,14.326,45.216
2025-04-19,Middle East,Yemen,Al Bayda,Explosions/Remote violence,Air/drone strike,1,0,68232.0,Political violence,3677.0,14.326,45.216
2025-04-26,Middle East,Yemen,Al Bayda,Explosions/Remote violence,Air/drone strike,1,0,28642.0,Political violence,3677.0,14.326,45.216
2025-05-10,Middle East,Yemen,Al Bayda,Explosions/Remote violence,Air/drone strike,2,1,3284.0,Political violence,3677.0,14.326,45.216
2025-05-17,Middle East,Yemen,Al Bayda,Explosions/Remote violence,Air/drone strike,1,0,3284.0,Political violence,3677.0,14.326,45.216
2025-11-22,Middle East,Yemen,Al Bayda,Explosions/Remote violence,Air/drone strike,1,0,15179.0,Political violence,3677.0,14.326,45.216
2026-02-21,Middle East,Yemen,Al Bayda,Explosions/Remote violence,Air/drone strike,1,0,15613.0,Political violence,3677.0,14.326,45.216
2026-03-28,Middle East,Yemen,Al Bayda,Explosions/Remote violence,Air/drone strike,1,0,,Political violence,3677.0,14.326,45.216
2026-04-18,Middle East,Yemen,Al Bayda,Explosions/Remote violence,Air/drone strike,1,0,,Political violence,3677.0,14.326,45.216
2023-11-04,Middle East,Yemen,Al Bayda,Explosions/Remote violence,Shelling/artillery/missile attack,1,0,,Political violence,3677.0,14.326,45.216
2023-11-11,Middle East,Yemen,Al Bayda,Explosions/Remote violence,Shelling/artillery/missile attack,1,0,,Political violence,3677.0,14.326,45.216
2024-05-11,Middle East,Yemen,Al Bayda,Explosions/Remote violence,Shelling/artillery/missile attack,1,0,8389.0,Political violence,3677.0,14.326,45.216
2024-05-18,Middle East,Yemen,Al Bayda,Explosions/Remote violence,Shelling/artillery/missile attack,1,0,8389.0,Political violence,3677.0,14.326,45.216
2024-07-13,Middle East,Yemen,Al Bayda,Explosions/Remote violence,Shelling/artillery/missile attack,1,0,5632.0,Political violence,3677.0,14.326,45.216
2024-11-09,Middle East,Yemen,Al Bayda,Explosions/Remote violence,Shelling/artillery/missile attack,1,0,5632.0,Political violence,3677.0,14.326,45.216
2025-01-11,Middle East,Yemen,Al Bayda,Explosions/Remote violence,Shelling/artillery/missile attack,1,0,5785.0,Political violence,3677.0,14.326,45.216
2025-01-18,Middle East,Yemen,Al Bayda,Explosions/Remote violence,Shelling/artillery/missile attack,2,2,15273.0,Political violence,3677.0,14.326,45.216
2025-01-25,Middle East,Yemen,Al Bayda,Explosions/Remote violence,Shelling/artillery/missile attack,1,0,5785.0,Political violence,3677.0,14.326,45.216
2025-02-01,Middle East,Yemen,Al Bayda,Explosions/Remote violence,Shelling/artillery/missile attack,1,0,15179.0,Political violence,3677.0,14.326,45.216
2025-08-09,Middle East,Yemen,Al Bayda,Explosions/Remote violence,Shelling/artillery/missile attack,1,0,15179.0,Political violence,3677.0,14.326,45.216
2026-04-18,Middle East,Yemen,Al Bayda,Explosions/Remote violence,Shelling/artillery/missile attack,1,0,,Political violence,3677.0,14.326,45.216
2023-12-23,Middle East,Yemen,Al Bayda,Violence against civilians,Abduction/forced disappearance,1,0,4647.0,Political violence,3677.0,14.326,45.216
2024-02-03,Middle East,Yemen,Al Bayda,Violence against civilians,Abduction/forced disappearance,1,0,60210.0,Political violence,3677.0,14.326,45.216
2024-03-30,Middle East,Yemen,Al Bayda,Violence against civilians,Abduction/forced disappearance,1,0,99873.0,Political violence,3677.0,14.326,45.216
2024-06-01,Middle East,Yemen,Al Bayda,Violence against civilians,Abduction/forced disappearance,1,0,2482.0,Political violence,3677.0,14.326,45.216
2024-08-10,Middle East,Yemen,Al Bayda,Violence against civilians,Abduction/forced disappearance,1,0,4650.0,Political violence,3677.0,14.326,45.216
2024-09-14,Middle East,Yemen,Al Bayda,Violence against civilians,Abduction/forced disappearance,2,0,61828.0,Political violence,3677.0,14.326,45.216
2024-09-21,Middle East,Yemen,Al Bayda,Violence against civilians,Abduction/forced disappearance,1,0,61828.0,Political violence,3677.0,14.326,45.216
2024-12-14,Middle East,Yemen,Al Bayda,Violence against civilians,Abduction/forced disappearance,2,0,64190.0,Political violence,3677.0,14.326,45.216
2024-12-21,Middle East,Yemen,Al Bayda,Violence against civilians,Abduction/forced disappearance,1,0,24172.0,Political violence,3677.0,14.326,45.216
2025-01-04,Middle East,Yemen,Al Bayda,Violence against civilians,Abduction/forced disappearance,1,0,8826.0,Political violence,3677.0,14.326,45.216
2025-01-11,Middle East,Yemen,Al Bayda,Violence against civilians,Abduction/forced disappearance,1,0,8826.0,Political violence,3677.0,14.326,45.216
2025-02-01,Middle East,Yemen,Al Bayda,Violence against civilians,Abduction/forced disappearance,1,0,17877.0,Political violence,3677.0,14.326,45.216
2025-06-21,Middle East,Yemen,Al Bayda,Violence against civilians,Abduction/forced disappearance,1,0,24871.0,Political violence,3677.0,14.326,45.216
2025-07-12,Middle East,Yemen,Al Bayda,Violence against civilians,Abduction/forced disappearance,1,0,7507.0,Political violence,3677.0,14.326,45.216
2025-07-19,Middle East,Yemen,Al Bayda,Violence against civilians,Abduction/forced disappearance,1,0,66019.0,Political violence,3677.0,14.326,45.216
2025-07-26,Middle East,Yemen,Al Bayda,Violence against civilians,Abduction/forced disappearance,1,0,5957.0,Political violence,3677.0,14.326,45.216
2025-08-16,Middle East,Yemen,Al Bayda,Violence against civilians,Abduction/forced disappearance,1,0,3181.0,Political violence,3677.0,14.326,45.216
2025-08-23,Middle East,Yemen,Al Bayda,Violence against civilians,Abduction/forced disappearance,1,0,20325.0,Political violence,3677.0,14.326,45.216
2025-09-27,Middle East,Yemen,Al Bayda,Violence against civilians,Abduction/forced disappearance,3,0,6712.0,Political violence,3677.0,14.326,45.216
2025-10-04,Middle East,Yemen,Al Bayda,Violence against civilians,Abduction/forced disappearance,2,0,10251.0,Political violence,3677.0,14.326,45.216
2025-10-11,Middle East,Yemen,Al Bayda,Violence against civilians,Abduction/forced disappearance,1,0,6357.0,Political violence,3677.0,14.326,45.216
2025-12-06,Middle East,Yemen,Al Bayda,Violence against civilians,Abduction/forced disappearance,1,0,8014.0,Political violence,3677.0,14.326,45.216
2025-12-27,Middle East,Yemen,Al Bayda,Violence against civilians,Abduction/forced disappearance,1,0,8751.0,Political violence,3677.0,14.326,45.216
2026-02-14,Middle East,Yemen,Al Bayda,Violence against civilians,Abduction/forced disappearance,1,0,4644.0,Political violence,3677.0,14.326,45.216
2026-03-07,Middle East,Yemen,Al Bayda,Violence against civilians,Abduction/forced disappearance,1,0,58841.0,Political violence,3677.0,14.326,45.216
2026-03-21,Middle East,Yemen,Al Bayda,Violence against civilians,Abduction/forced disappearance,3,0,,Political violence,3677.0,14.326,45.216
2023-10-07,Middle East,Yemen,Al Bayda,Violence against civilians,Attack,1,0,468.0,Political violence,3677.0,14.326,45.216
2023-11-04,Middle East,Yemen,Al Bayda,Violence against civilians,Attack,1,2,23101.0,Political violence,3677.0,14.326,45.216
2023-11-25,Middle East,Yemen,Al Bayda,Violence against civilians,Attack,1,1,70763.0,Political violence,3677.0,14.326,45.216
2023-12-02,Middle East,Yemen,Al Bayda,Violence against civilians,Attack,1,3,13669.0,Political violence,3677.0,14.326,45.216
2024-01-27,Middle East,Yemen,Al Bayda,Violence against civilians,Attack,1,1,72921.0,Political violence,3677.0,14.326,45.216
2024-02-03,Middle East,Yemen,Al Bayda,Violence against civilians,Attack,2,2,91056.0,Political violence,3677.0,14.326,45.216
2024-03-09,Middle East,Yemen,Al Bayda,Violence against civilians,Attack,1,2,147550.0,Political violence,3677.0,14.326,45.216
2024-03-23,Middle East,Yemen,Al Bayda,Violence against civilians,Attack,2,1,147891.0,Political violence,3677.0,14.326,45.216
2024-04-06,Middle East,Yemen,Al Bayda,Violence against civilians,Attack,3,2,112216.0,Political violence,3677.0,14.326,45.216
2024-04-20,Middle East,Yemen,Al Bayda,Violence against civilians,Attack,1,1,107450.0,Political violence,3677.0,14.326,45.216
2024-04-27,Middle East,Yemen,Al Bayda,Violence against civilians,Attack,1,0,94739.0,Political violence,3677.0,14.326,45.216
2024-05-04,Middle East,Yemen,Al Bayda,Violence against civilians,Attack,2,2,107450.0,Political violence,3677.0,14.326,45.216
2024-05-11,Middle East,Yemen,Al Bayda,Violence against civilians,Attack,1,1,107450.0,Political violence,3677.0,14.326,45.216
2024-05-25,Middle East,Yemen,Al Bayda,Violence against civilians,Attack,1,0,4650.0,Political violence,3677.0,14.326,45.216
2024-06-01,Middle East,Yemen,Al Bayda,Violence against civilians,Attack,1,1,107450.0,Political violence,3677.0,14.326,45.216
2024-06-15,Middle East,Yemen,Al Bayda,Violence against civilians,Attack,1,1,107450.0,Political violence,3677.0,14.326,45.216
2024-07-27,Middle East,Yemen,Al Bayda,Violence against civilians,Attack,1,1,107450.0,Political violence,3677.0,14.326,45.216
2024-08-03,Middle East,Yemen,Al Bayda,Violence against civilians,Attack,1,2,8196.0,Political violence,3677.0,14.326,45.216
2024-08-17,Middle East,Yemen,Al Bayda,Violence against civilians,Attack,1,2,107450.0,Political violence,3677.0,14.326,45.216
2024-11-09,Middle East,Yemen,Al Bayda,Violence against civilians,Attack,1,1,10411.0,Political violence,3677.0,14.326,45.216
2024-11-30,Middle East,Yemen,Al Bayda,Violence against civilians,Attack,1,0,64190.0,Political violence,3677.0,14.326,45.216
2024-12-07,Middle East,Yemen,Al Bayda,Violence against civilians,Attack,1,1,81506.0,Political violence,3677.0,14.326,45.216
2024-12-28,Middle East,Yemen,Al Bayda,Violence against civilians,Attack,2,2,106271.0,Political violence,3677.0,14.326,45.216
2025-01-25,Middle East,Yemen,Al Bayda,Violence against civilians,Attack,1,0,63673.0,Political violence,3677.0,14.326,45.216
2025-02-01,Middle East,Yemen,Al Bayda,Violence against civilians,Attack,1,1,28642.0,Political violence,3677.0,14.326,45.216
2025-02-08,Middle East,Yemen,Al Bayda,Violence against civilians,Attack,2,2,102624.0,Political violence,3677.0,14.326,45.216
2025-02-15,Middle East,Yemen,Al Bayda,Violence against civilians,Attack,2,4,83969.0,Political violence,3677.0,14.326,45.216
2025-03-01,Middle East,Yemen,Al Bayda,Violence against civilians,Attack,1,0,164.0,Political violence,3677.0,14.326,45.216
2025-04-12,Middle East,Yemen,Al Bayda,Violence against civilians,Attack,1,0,20325.0,Political violence,3677.0,14.326,45.216
2025-04-26,Middle East,Yemen,Al Bayda,Violence against civilians,Attack,1,1,1988.0,Political violence,3677.0,14.326,45.216
2025-05-03,Middle East,Yemen,Al Bayda,Violence against civilians,Attack,2,2,34689.0,Political violence,3677.0,14.326,45.216
2025-05-17,Middle East,Yemen,Al Bayda,Violence against civilians,Attack,1,1,83969.0,Political violence,3677.0,14.326,45.216
2025-06-07,Middle East,Yemen,Al Bayda,Violence against civilians,Attack,1,1,83969.0,Political violence,3677.0,14.326,45.216
2025-07-26,Middle East,Yemen,Al Bayda,Violence against civilians,Attack,1,0,66019.0,Political violence,3677.0,14.326,45.216
2025-09-06,Middle East,Yemen,Al Bayda,Violence against civilians,Attack,1,1,54916.0,Political violence,3677.0,14.326,45.216
2025-09-13,Middle East,Yemen,Al Bayda,Violence against civilians,Attack,1,1,54916.0,Political violence,3677.0,14.326,45.216
2025-10-25,Middle East,Yemen,Al Bayda,Violence against civilians,Attack,1,3,10595.0,Political violence,3677.0,14.326,45.216
2025-11-15,Middle East,Yemen,Al Bayda,Violence against civilians,Attack,1,0,13329.0,Political violence,3677.0,14.326,45.216
2026-01-10,Middle East,Yemen,Al Bayda,Violence against civilians,Attack,2,3,29618.0,Political violence,3677.0,14.326,45.216
2026-01-24,Middle East,Yemen,Al Bayda,Violence against civilians,Attack,1,0,55179.0,Political violence,3677.0,14.326,45.216
2026-01-31,Middle East,Yemen,Al Bayda,Violence against civilians,Attack,1,1,19265.0,Political violence,3677.0,14.326,45.216
2026-02-07,Middle East,Yemen,Al Bayda,Violence against civilians,Attack,1,1,147484.0,Political violence,3677.0,14.326,45.216
2026-02-28,Middle East,Yemen,Al Bayda,Violence against civilians,Attack,1,1,50713.0,Political violence,3677.0,14.326,45.216
2026-03-21,Middle East,Yemen,Al Bayda,Violence against civilians,Attack,1,1,56492.0,Political violence,3677.0,14.326,45.216
2026-03-28,Middle East,Yemen,Al Bayda,Violence against civilians,Attack,1,0,39956.0,Political violence,3677.0,14.326,45.216
2026-04-11,Middle East,Yemen,Al Bayda,Violence against civilians,Attack,2,2,,Political violence,3677.0,14.326,45.216
2026-04-18,Middle East,Yemen,Al Bayda,Violence against civilians,Attack,1,1,22905.0,Political violence,3677.0,14.326,45.216
2023-10-07,Middle East,Yemen,Al Hudaydah,Battles,Armed clash,7,2,5120.0,Political violence,3678.0,14.7791,43.2181
2023-10-14,Middle East,Yemen,Al Hudaydah,Battles,Armed clash,10,3,5120.0,Political violence,3678.0,14.7791,43.2181
2023-10-21,Middle East,Yemen,Al Hudaydah,Battles,Armed clash,5,0,5120.0,Political violence,3678.0,14.7791,43.2181
2023-10-28,Middle East,Yemen,Al Hudaydah,Battles,Armed clash,6,0,5120.0,Political violence,3678.0,14.7791,43.2181
2023-11-04,Middle East,Yemen,Al Hudaydah,Battles,Armed clash,6,3,9559.0,Political violence,3678.0,14.7791,43.2181
2023-11-11,Middle East,Yemen,Al Hudaydah,Battles,Armed clash,11,6,14887.0,Political violence,3678.0,14.7791,43.2181
2023-11-18,Middle East,Yemen,Al Hudaydah,Battles,Armed clash,7,4,5634.0,Political violence,3678.0,14.7791,43.2181
2023-11-25,Middle East,Yemen,Al Hudaydah,Battles,Armed clash,13,7,148392.0,Political violence,3678.0,14.7791,43.2181
2023-12-02,Middle East,Yemen,Al Hudaydah,Battles,Armed clash,7,0,5120.0,Political violence,3678.0,14.7791,43.2181
2023-12-09,Middle East,Yemen,Al Hudaydah,Battles,Armed clash,5,0,5120.0,Political violence,3678.0,14.7791,43.2181
2023-12-16,Middle East,Yemen,Al Hudaydah,Battles,Armed clash,2,0,5120.0,Political violence,3678.0,14.7791,43.2181
2023-12-30,Middle East,Yemen,Al Hudaydah,Battles,Armed clash,1,0,17338.0,Political violence,3678.0,14.7791,43.2181
2024-01-06,Middle East,Yemen,Al Hudaydah,Battles,Armed clash,2,7,9807.0,Political violence,3678.0,14.7791,43.2181
2024-01-13,Middle East,Yemen,Al Hudaydah,Battles,Armed clash,1,0,28361.0,Political violence,3678.0,14.7791,43.2181
2024-01-20,Middle East,Yemen,Al Hudaydah,Battles,Armed clash,4,0,5473.0,Political violence,3678.0,14.7791,43.2181
2024-01-27,Middle East,Yemen,Al Hudaydah,Battles,Armed clash,7,2,57700.0,Political violence,3678.0,14.7791,43.2181
2024-02-03,Middle East,Yemen,Al Hudaydah,Battles,Armed clash,12,1,26354.0,Political violence,3678.0,14.7791,43.2181
2024-02-10,Middle East,Yemen,Al Hudaydah,Battles,Armed clash,11,6,59294.0,Political violence,3678.0,14.7791,43.2181
2024-02-17,Middle East,Yemen,Al Hudaydah,Battles,Armed clash,14,2,58872.0,Political violence,3678.0,14.7791,43.2181
2024-02-24,Middle East,Yemen,Al Hudaydah,Battles,Armed clash,4,0,34935.0,Political violence,3678.0,14.7791,43.2181
2024-03-02,Middle East,Yemen,Al Hudaydah,Battles,Armed clash,4,1,54938.0,Political violence,3678.0,14.7791,43.2181
2024-03-09,Middle East,Yemen,Al Hudaydah,Battles,Armed clash,4,0,12438.0,Political violence,3678.0,14.7791,43.2181
2024-03-16,Middle East,Yemen,Al Hudaydah,Battles,Armed clash,12,0,63866.0,Political violence,3678.0,14.7791,43.2181
2024-03-23,Middle East,Yemen,Al Hudaydah,Battles,Armed clash,7,1,78217.0,Political violence,3678.0,14.7791,43.2181
2024-03-30,Middle East,Yemen,Al Hudaydah,Battles,Armed clash,4,0,40596.0,Political violence,3678.0,14.7791,43.2181
2024-04-06,Middle East,Yemen,Al Hudaydah,Battles,Armed clash,2,0,3569.0,Political violence,3678.0,14.7791,43.2181
2024-04-13,Middle East,Yemen,Al Hudaydah,Battles,Armed clash,2,0,33855.0,Political violence,3678.0,14.7791,43.2181
2024-04-20,Middle East,Yemen,Al Hudaydah,Battles,Armed clash,6,18,13184.0,Political violence,3678.0,14.7791,43.2181
2024-04-27,Middle East,Yemen,Al Hudaydah,Battles,Armed clash,5,0,41761.0,Political violence,3678.0,14.7791,43.2181
2024-05-04,Middle East,Yemen,Al Hudaydah,Battles,Armed clash,4,0,7226.0,Political violence,3678.0,14.7791,43.2181
2024-05-11,Middle East,Yemen,Al Hudaydah,Battles,Armed clash,3,6,42473.0,Political violence,3678.0,14.7791,43.2181
2024-05-18,Middle East,Yemen,Al Hudaydah,Battles,Armed clash,8,0,178380.0,Political violence,3678.0,14.7791,43.2181
2024-05-25,Middle East,Yemen,Al Hudaydah,Battles,Armed clash,3,0,136580.0,Political violence,3678.0,14.7791,43.2181
2024-06-01,Middle East,Yemen,Al Hudaydah,Battles,Armed clash,5,0,175707.0,Political violence,3678.0,14.7791,43.2181
2024-06-08,Middle East,Yemen,Al Hudaydah,Battles,Armed clash,6,2,175707.0,Political violence,3678.0,14.7791,43.2181
2024-06-15,Middle East,Yemen,Al Hudaydah,Battles,Armed clash,5,3,187491.0,Political violence,3678.0,14.7791,43.2181
2024-06-22,Middle East,Yemen,Al Hudaydah,Battles,Armed clash,6,3,193110.0,Political violence,3678.0,14.7791,43.2181
2024-06-29,Middle East,Yemen,Al Hudaydah,Battles,Armed clash,3,8,39772.0,Political violence,3678.0,14.7791,43.2181
2024-07-06,Middle East,Yemen,Al Hudaydah,Battles,Armed clash,7,0,191706.0,Political violence,3678.0,14.7791,43.2181
2024-07-13,Middle East,Yemen,Al Hudaydah,Battles,Armed clash,9,0,194397.0,Political violence,3678.0,14.7791,43.2181
2024-07-20,Middle East,Yemen,Al Hudaydah,Battles,Armed clash,5,0,55473.0,Political violence,3678.0,14.7791,43.2181
2024-07-27,Middle East,Yemen,Al Hudaydah,Battles,Armed clash,10,0,174368.0,Political violence,3678.0,14.7791,43.2181
2024-08-03,Middle East,Yemen,Al Hudaydah,Battles,Armed clash,2,0,16889.0,Political violence,3678.0,14.7791,43.2181
2024-08-10,Middle East,Yemen,Al Hudaydah,Battles,Armed clash,8,0,188959.0,Political violence,3678.0,14.7791,43.2181
2024-08-17,Middle East,Yemen,Al Hudaydah,Battles,Armed clash,7,0,190149.0,Political violence,3678.0,14.7791,43.2181
2024-08-24,Middle East,Yemen,Al Hudaydah,Battles,Armed clash,1,4,2386.0,Political violence,3678.0,14.7791,43.2181
2024-09-07,Middle East,Yemen,Al Hudaydah,Battles,Armed clash,1,0,5620.0,Political violence,3678.0,14.7791,43.2181
2024-09-14,Middle East,Yemen,Al Hudaydah,Battles,Armed clash,1,0,5620.0,Political violence,3678.0,14.7791,43.2181
2024-09-21,Middle East,Yemen,Al Hudaydah,Battles,Armed clash,1,1,32169.0,Political violence,3678.0,14.7791,43.2181
2024-09-28,Middle East,Yemen,Al Hudaydah,Battles,Armed clash,1,0,5619.0,Political violence,3678.0,14.7791,43.2181
2024-10-05,Middle East,Yemen,Al Hudaydah,Battles,Armed clash,1,0,32169.0,Political violence,3678.0,14.7791,43.2181
2024-10-12,Middle East,Yemen,Al Hudaydah,Battles,Armed clash,2,0,135237.0,Political violence,3678.0,14.7791,43.2181
2024-10-19,Middle East,Yemen,Al Hudaydah,Battles,Armed clash,4,23,68469.0,Political violence,3678.0,14.7791,43.2181
2024-10-26,Middle East,Yemen,Al Hudaydah,Battles,Armed clash,3,0,32169.0,Political violence,3678.0,14.7791,43.2181
2024-11-02,Middle East,Yemen,Al Hudaydah,Battles,Armed clash,3,5,74437.0,Political violence,3678.0,14.7791,43.2181
2024-11-09,Middle East,Yemen,Al Hudaydah,Battles,Armed clash,3,3,70896.0,Political violence,3678.0,14.7791,43.2181
2024-11-16,Middle East,Yemen,Al Hudaydah,Battles,Armed clash,6,10,60644.0,Political violence,3678.0,14.7791,43.2181
2024-11-23,Middle East,Yemen,Al Hudaydah,Battles,Armed clash,5,0,39437.0,Political violence,3678.0,14.7791,43.2181
2024-11-30,Middle East,Yemen,Al Hudaydah,Battles,Armed clash,4,0,39437.0,Political violence,3678.0,14.7791,43.2181
2024-12-07,Middle East,Yemen,Al Hudaydah,Battles,Armed clash,5,0,35179.0,Political violence,3678.0,14.7791,43.2181
2024-12-14,Middle East,Yemen,Al Hudaydah,Battles,Armed clash,6,3,28348.0,Political violence,3678.0,14.7791,43.2181
2024-12-21,Middle East,Yemen,Al Hudaydah,Battles,Armed clash,3,0,38135.0,Political violence,3678.0,14.7791,43.2181
2024-12-28,Middle East,Yemen,Al Hudaydah,Battles,Armed clash,2,0,41697.0,Political violence,3678.0,14.7791,43.2181
2025-01-04,Middle East,Yemen,Al Hudaydah,Battles,Armed clash,13,1,71420.0,Political violence,3678.0,14.7791,43.2181
2025-01-11,Middle East,Yemen,Al Hudaydah,Battles,Armed clash,7,2,164722.0,Political violence,3678.0,14.7791,43.2181
2025-01-18,Middle East,Yemen,Al Hudaydah,Battles,Armed clash,3,0,7540.0,Political violence,3678.0,14.7791,43.2181
2025-01-25,Middle East,Yemen,Al Hudaydah,Battles,Armed clash,14,6,57020.0,Political violence,3678.0,14.7791,43.2181
2025-02-01,Middle East,Yemen,Al Hudaydah,Battles,Armed clash,8,0,51819.0,Political violence,3678.0,14.7791,43.2181
2025-02-08,Middle East,Yemen,Al Hudaydah,Battles,Armed clash,1,0,1342.0,Political violence,3678.0,14.7791,43.2181
2025-02-15,Middle East,Yemen,Al Hudaydah,Battles,Armed clash,7,0,51819.0,Political violence,3678.0,14.7791,43.2181
2025-02-22,Middle East,Yemen,Al Hudaydah,Battles,Armed clash,7,0,51819.0,Political violence,3678.0,14.7791,43.2181
2025-03-08,Middle East,Yemen,Al Hudaydah,Battles,Armed clash,7,0,13291.0,Political violence,3678.0,14.7791,43.2181
2025-03-15,Middle East,Yemen,Al Hudaydah,Battles,Armed clash,13,0,13291.0,Political violence,3678.0,14.7791,43.2181
2025-03-22,Middle East,Yemen,Al Hudaydah,Battles,Armed clash,1,0,1342.0,Political violence,3678.0,14.7791,43.2181
2025-03-29,Middle East,Yemen,Al Hudaydah,Battles,Armed clash,10,10,53970.0,Political violence,3678.0,14.7791,43.2181
2025-04-05,Middle East,Yemen,Al Hudaydah,Battles,Armed clash,12,0,10608.0,Political violence,3678.0,14.7791,43.2181
2025-04-12,Middle East,Yemen,Al Hudaydah,Battles,Armed clash,14,0,10608.0,Political violence,3678.0,14.7791,43.2181
2025-04-19,Middle East,Yemen,Al Hudaydah,Battles,Armed clash,5,0,7540.0,Political violence,3678.0,14.7791,43.2181
2025-04-26,Middle East,Yemen,Al Hudaydah,Battles,Armed clash,8,0,6621.0,Political violence,3678.0,14.7791,43.2181
2025-05-03,Middle East,Yemen,Al Hudaydah,Battles,Armed clash,16,3,28326.0,Political violence,3678.0,14.7791,43.2181
2025-05-10,Middle East,Yemen,Al Hudaydah,Battles,Armed clash,6,0,6621.0,Political violence,3678.0,14.7791,43.2181
2025-05-17,Middle East,Yemen,Al Hudaydah,Battles,Armed clash,6,0,11117.0,Political violence,3678.0,14.7791,43.2181
2025-05-24,Middle East,Yemen,Al Hudaydah,Battles,Armed clash,16,0,12459.0,Political violence,3678.0,14.7791,43.2181
2025-05-31,Middle East,Yemen,Al Hudaydah,Battles,Armed clash,9,1,12700.0,Political violence,3678.0,14.7791,43.2181
2025-06-07,Middle East,Yemen,Al Hudaydah,Battles,Armed clash,7,0,9393.0,Political violence,3678.0,14.7791,43.2181
2025-06-14,Middle East,Yemen,Al Hudaydah,Battles,Armed clash,1,0,1342.0,Political violence,3678.0,14.7791,43.2181
2025-06-21,Middle East,Yemen,Al Hudaydah,Battles,Armed clash,15,0,10735.0,Political violence,3678.0,14.7791,43.2181
2025-06-28,Middle East,Yemen,Al Hudaydah,Battles,Armed clash,6,0,10735.0,Political violence,3678.0,14.7791,43.2181
2025-07-05,Middle East,Yemen,Al Hudaydah,Battles,Armed clash,3,2,3218.0,Political violence,3678.0,14.7791,43.2181
2025-07-12,Middle East,Yemen,Al Hudaydah,Battles,Armed clash,10,0,10885.0,Political violence,3678.0,14.7791,43.2181
2025-07-19,Middle East,Yemen,Al Hudaydah,Battles,Armed clash,5,0,9056.0,Political violence,3678.0,14.7791,43.2181
2025-07-26,Middle East,Yemen,Al Hudaydah,Battles,Armed clash,14,3,67586.0,Political violence,3678.0,14.7791,43.2181
2025-08-02,Middle East,Yemen,Al Hudaydah,Battles,Armed clash,2,0,21705.0,Political violence,3678.0,14.7791,43.2181
2025-08-09,Middle East,Yemen,Al Hudaydah,Battles,Armed clash,1,0,5838.0,Political violence,3678.0,14.7791,43.2181
2025-08-16,Middle East,Yemen,Al Hudaydah,Battles,Armed clash,4,0,31472.0,Political violence,3678.0,14.7791,43.2181
2025-08-30,Middle East,Yemen,Al Hudaydah,Battles,Armed clash,1,1,79236.0,Political violence,3678.0,14.7791,43.2181
2025-09-13,Middle East,Yemen,Al Hudaydah,Battles,Armed clash,1,1,15867.0,Political violence,3678.0,14.7791,43.2181
2025-09-20,Middle East,Yemen,Al Hudaydah,Battles,Armed clash,1,0,5838.0,Political violence,3678.0,14.7791,43.2181
2025-10-18,Middle East,Yemen,Al Hudaydah,Battles,Armed clash,1,10,6732.0,Political violence,3678.0,14.7791,43.2181
2025-10-25,Middle East,Yemen,Al Hudaydah,Battles,Armed clash,1,0,5838.0,Political violence,3678.0,14.7791,43.2181
2025-11-08,Middle East,Yemen,Al Hudaydah,Battles,Armed clash,2,0,11653.0,Political violence,3678.0,14.7791,43.2181
2025-11-15,Middle East,Yemen,Al Hudaydah,Battles,Armed clash,1,0,,Political violence,3678.0,14.7791,43.2181
2025-11-22,Middle East,Yemen,Al Hudaydah,Battles,Armed clash,5,21,,Political violence,3678.0,14.7791,43.2181
2025-11-29,Middle East,Yemen,Al Hudaydah,Battles,Armed clash,3,0,3147.0,Political violence,3678.0,14.7791,43.2181
2025-12-06,Middle East,Yemen,Al Hudaydah,Battles,Armed clash,4,1,8985.0,Political violence,3678.0,14.7791,43.2181
2025-12-13,Middle East,Yemen,Al Hudaydah,Battles,Armed clash,2,0,5838.0,Political violence,3678.0,14.7791,43.2181
2025-12-20,Middle East,Yemen,Al Hudaydah,Battles,Armed clash,1,1,15867.0,Political violence,3678.0,14.7791,43.2181
2025-12-27,Middle East,Yemen,Al Hudaydah,Battles,Armed clash,7,1,45472.0,Political violence,3678.0,14.7791,43.2181
2026-01-03,Middle East,Yemen,Al Hudaydah,Battles,Armed clash,2,3,43680.0,Political violence,3678.0,14.7791,43.2181
2026-01-10,Middle East,Yemen,Al Hudaydah,Battles,Armed clash,1,0,16431.0,Political violence,3678.0,14.7791,43.2181
2026-01-17,Middle East,Yemen,Al Hudaydah,Battles,Armed clash,1,0,40932.0,Political violence,3678.0,14.7791,43.2181
2026-02-07,Middle East,Yemen,Al Hudaydah,Battles,Armed clash,1,0,1505.0,Political violence,3678.0,14.7791,43.2181
2026-02-14,Middle East,Yemen,Al Hudaydah,Battles,Armed clash,1,0,2618.0,Political violence,3678.0,14.7791,43.2181
2026-02-21,Middle East,Yemen,Al Hudaydah,Battles,Armed clash,5,19,79341.0,Political violence,3678.0,14.7791,43.2181
2026-02-28,Middle East,Yemen,Al Hudaydah,Battles,Armed clash,1,0,16574.0,Political violence,3678.0,14.7791,43.2181
2026-03-14,Middle East,Yemen,Al Hudaydah,Battles,Armed clash,5,5,29879.0,Political violence,3678.0,14.7791,43.2181
2026-04-11,Middle East,Yemen,Al Hudaydah,Battles,Armed clash,1,4,,Political violence,3678.0,14.7791,43.2181
2023-10-07,Middle East,Yemen,Al Hudaydah,Explosions/Remote violence,Air/drone strike,1,0,51059.0,Political violence,3678.0,14.7791,43.2181
2023-10-14,Middle East,Yemen,Al Hudaydah,Explosions/Remote violence,Air/drone strike,3,0,51059.0,Political violence,3678.0,14.7791,43.2181
2023-10-21,Middle East,Yemen,Al Hudaydah,Explosions/Remote violence,Air/drone strike,1,0,51059.0,Political violence,3678.0,14.7791,43.2181
2023-10-28,Middle East,Yemen,Al Hudaydah,Explosions/Remote violence,Air/drone strike,1,0,51059.0,Political violence,3678.0,14.7791,43.2181
2023-12-02,Middle East,Yemen,Al Hudaydah,Explosions/Remote violence,Air/drone strike,1,3,36953.0,Political violence,3678.0,14.7791,43.2181
2023-12-09,Middle East,Yemen,Al Hudaydah,Explosions/Remote violence,Air/drone strike,1,2,5120.0,Political violence,3678.0,14.7791,43.2181
2024-01-06,Middle East,Yemen,Al Hudaydah,Explosions/Remote violence,Air/drone strike,8,2,150537.0,Political violence,3678.0,14.7791,43.2181
2024-01-13,Middle East,Yemen,Al Hudaydah,Explosions/Remote violence,Air/drone strike,1,0,31424.0,Political violence,3678.0,14.7791,43.2181
2024-01-20,Middle East,Yemen,Al Hudaydah,Explosions/Remote violence,Air/drone strike,1,0,30183.0,Political violence,3678.0,14.7791,43.2181
2024-02-03,Middle East,Yemen,Al Hudaydah,Explosions/Remote violence,Air/drone strike,4,0,49428.0,Political violence,3678.0,14.7791,43.2181
2024-02-10,Middle East,Yemen,Al Hudaydah,Explosions/Remote violence,Air/drone strike,12,2,164364.0,Political violence,3678.0,14.7791,43.2181
2024-02-17,Middle East,Yemen,Al Hudaydah,Explosions/Remote violence,Air/drone strike,4,0,10492.0,Political violence,3678.0,14.7791,43.2181
2024-02-24,Middle East,Yemen,Al Hudaydah,Explosions/Remote violence,Air/drone strike,1,0,,Political violence,3678.0,14.7791,43.2181
2024-03-16,Middle East,Yemen,Al Hudaydah,Explosions/Remote violence,Air/drone strike,6,0,45831.0,Political violence,3678.0,14.7791,43.2181
2024-03-23,Middle East,Yemen,Al Hudaydah,Explosions/Remote violence,Air/drone strike,1,0,18998.0,Political violence,3678.0,14.7791,43.2181
2024-03-30,Middle East,Yemen,Al Hudaydah,Explosions/Remote violence,Air/drone strike,1,0,7255.0,Political violence,3678.0,14.7791,43.2181
2024-04-06,Middle East,Yemen,Al Hudaydah,Explosions/Remote violence,Air/drone strike,1,0,7061.0,Political violence,3678.0,14.7791,43.2181
2024-05-18,Middle East,Yemen,Al Hudaydah,Explosions/Remote violence,Air/drone strike,2,6,11904.0,Political violence,3678.0,14.7791,43.2181
2024-05-25,Middle East,Yemen,Al Hudaydah,Explosions/Remote violence,Air/drone strike,4,16,42347.0,Political violence,3678.0,14.7791,43.2181
2024-06-01,Middle East,Yemen,Al Hudaydah,Explosions/Remote violence,Air/drone strike,3,0,58112.0,Political violence,3678.0,14.7791,43.2181
2024-06-08,Middle East,Yemen,Al Hudaydah,Explosions/Remote violence,Air/drone strike,5,0,200805.0,Political violence,3678.0,14.7791,43.2181
2024-06-15,Middle East,Yemen,Al Hudaydah,Explosions/Remote violence,Air/drone strike,3,0,15197.0,Political violence,3678.0,14.7791,43.2181
2024-06-22,Middle East,Yemen,Al Hudaydah,Explosions/Remote violence,Air/drone strike,2,0,140311.0,Political violence,3678.0,14.7791,43.2181
2024-06-29,Middle East,Yemen,Al Hudaydah,Explosions/Remote violence,Air/drone strike,5,0,118276.0,Political violence,3678.0,14.7791,43.2181
2024-07-06,Middle East,Yemen,Al Hudaydah,Explosions/Remote violence,Air/drone strike,1,0,3960.0,Political violence,3678.0,14.7791,43.2181
2024-07-13,Middle East,Yemen,Al Hudaydah,Explosions/Remote violence,Air/drone strike,1,0,18299.0,Political violence,3678.0,14.7791,43.2181
2024-07-20,Middle East,Yemen,Al Hudaydah,Explosions/Remote violence,Air/drone strike,5,9,141301.0,Political violence,3678.0,14.7791,43.2181
2024-08-03,Middle East,Yemen,Al Hudaydah,Explosions/Remote violence,Air/drone strike,2,0,4505.0,Political violence,3678.0,14.7791,43.2181
2024-08-10,Middle East,Yemen,Al Hudaydah,Explosions/Remote violence,Air/drone strike,2,0,6107.0,Political violence,3678.0,14.7791,43.2181
2024-08-17,Middle East,Yemen,Al Hudaydah,Explosions/Remote violence,Air/drone strike,2,0,101888.0,Political violence,3678.0,14.7791,43.2181
2024-08-31,Middle East,Yemen,Al Hudaydah,Explosions/Remote violence,Air/drone strike,2,0,43498.0,Political violence,3678.0,14.7791,43.2181
2024-09-07,Middle East,Yemen,Al Hudaydah,Explosions/Remote violence,Air/drone strike,3,0,47573.0,Political violence,3678.0,14.7791,43.2181
2024-09-14,Middle East,Yemen,Al Hudaydah,Explosions/Remote violence,Air/drone strike,2,1,49117.0,Political violence,3678.0,14.7791,43.2181
2024-09-28,Middle East,Yemen,Al Hudaydah,Explosions/Remote violence,Air/drone strike,8,5,176396.0,Political violence,3678.0,14.7791,43.2181
2024-10-12,Middle East,Yemen,Al Hudaydah,Explosions/Remote violence,Air/drone strike,3,0,18729.0,Political violence,3678.0,14.7791,43.2181
2024-10-19,Middle East,Yemen,Al Hudaydah,Explosions/Remote violence,Air/drone strike,3,0,6341.0,Political violence,3678.0,14.7791,43.2181
2024-10-26,Middle East,Yemen,Al Hudaydah,Explosions/Remote violence,Air/drone strike,2,0,25012.0,Political violence,3678.0,14.7791,43.2181
2024-11-02,Middle East,Yemen,Al Hudaydah,Explosions/Remote violence,Air/drone strike,2,0,66122.0,Political violence,3678.0,14.7791,43.2181
2024-11-09,Middle East,Yemen,Al Hudaydah,Explosions/Remote violence,Air/drone strike,1,0,1245.0,Political violence,3678.0,14.7791,43.2181
2024-11-23,Middle East,Yemen,Al Hudaydah,Explosions/Remote violence,Air/drone strike,1,0,110636.0,Political violence,3678.0,14.7791,43.2181
2024-12-14,Middle East,Yemen,Al Hudaydah,Explosions/Remote violence,Air/drone strike,5,12,149341.0,Political violence,3678.0,14.7791,43.2181
2024-12-21,Middle East,Yemen,Al Hudaydah,Explosions/Remote violence,Air/drone strike,5,3,54885.0,Political violence,3678.0,14.7791,43.2181
2024-12-28,Middle East,Yemen,Al Hudaydah,Explosions/Remote violence,Air/drone strike,4,0,75073.0,Political violence,3678.0,14.7791,43.2181
2025-01-04,Middle East,Yemen,Al Hudaydah,Explosions/Remote violence,Air/drone strike,3,1,47626.0,Political violence,3678.0,14.7791,43.2181
2025-02-15,Middle East,Yemen,Al Hudaydah,Explosions/Remote violence,Air/drone strike,1,2,591.0,Political violence,3678.0,14.7791,43.2181
2025-03-15,Middle East,Yemen,Al Hudaydah,Explosions/Remote violence,Air/drone strike,13,32,213757.0,Political violence,3678.0,14.7791,43.2181
2025-03-22,Middle East,Yemen,Al Hudaydah,Explosions/Remote violence,Air/drone strike,10,0,270368.0,Political violence,3678.0,14.7791,43.2181
2025-03-29,Middle East,Yemen,Al Hudaydah,Explosions/Remote violence,Air/drone strike,5,19,32114.0,Political violence,3678.0,14.7791,43.2181
2025-04-05,Middle East,Yemen,Al Hudaydah,Explosions/Remote violence,Air/drone strike,8,25,169966.0,Political violence,3678.0,14.7791,43.2181
2025-04-12,Middle East,Yemen,Al Hudaydah,Explosions/Remote violence,Air/drone strike,14,99,130491.0,Political violence,3678.0,14.7791,43.2181
2025-04-19,Middle East,Yemen,Al Hudaydah,Explosions/Remote violence,Air/drone strike,28,24,292061.0,Political violence,3678.0,14.7791,43.2181
2025-04-26,Middle East,Yemen,Al Hudaydah,Explosions/Remote violence,Air/drone strike,5,0,17743.0,Political violence,3678.0,14.7791,43.2181
2025-05-03,Middle East,Yemen,Al Hudaydah,Explosions/Remote violence,Air/drone strike,9,4,144854.0,Political violence,3678.0,14.7791,43.2181
2025-05-10,Middle East,Yemen,Al Hudaydah,Explosions/Remote violence,Air/drone strike,2,1,37017.0,Political violence,3678.0,14.7791,43.2181
2025-07-05,Middle East,Yemen,Al Hudaydah,Explosions/Remote violence,Air/drone strike,4,0,39807.0,Political violence,3678.0,14.7791,43.2181
2025-07-19,Middle East,Yemen,Al Hudaydah,Explosions/Remote violence,Air/drone strike,1,7,28462.0,Political violence,3678.0,14.7791,43.2181
2025-09-13,Middle East,Yemen,Al Hudaydah,Explosions/Remote violence,Air/drone strike,1,0,29179.0,Political violence,3678.0,14.7791,43.2181
2025-09-20,Middle East,Yemen,Al Hudaydah,Explosions/Remote violence,Air/drone strike,1,0,15867.0,Political violence,3678.0,14.7791,43.2181
2025-12-13,Middle East,Yemen,Al Hudaydah,Explosions/Remote violence,Air/drone strike,1,2,15867.0,Political violence,3678.0,14.7791,43.2181
2026-01-24,Middle East,Yemen,Al Hudaydah,Explosions/Remote violence,Air/drone strike,1,1,40932.0,Political violence,3678.0,14.7791,43.2181
2026-02-14,Middle East,Yemen,Al Hudaydah,Explosions/Remote violence,Air/drone strike,2,2,1505.0,Political violence,3678.0,14.7791,43.2181
2023-10-07,Middle East,Yemen,Al Hudaydah,Explosions/Remote violence,Shelling/artillery/missile attack,3,0,11834.0,Political violence,3678.0,14.7791,43.2181
2023-10-14,Middle East,Yemen,Al Hudaydah,Explosions/Remote violence,Shelling/artillery/missile attack,3,0,51059.0,Political violence,3678.0,14.7791,43.2181
2023-10-21,Middle East,Yemen,Al Hudaydah,Explosions/Remote violence,Shelling/artillery/missile attack,5,0,9559.0,Political violence,3678.0,14.7791,43.2181
2023-10-28,Middle East,Yemen,Al Hudaydah,Explosions/Remote violence,Shelling/artillery/missile attack,1,0,,Political violence,3678.0,14.7791,43.2181
2023-11-04,Middle East,Yemen,Al Hudaydah,Explosions/Remote violence,Shelling/artillery/missile attack,2,0,52940.0,Political violence,3678.0,14.7791,43.2181
2023-11-18,Middle East,Yemen,Al Hudaydah,Explosions/Remote violence,Shelling/artillery/missile attack,1,3,4439.0,Political violence,3678.0,14.7791,43.2181
2023-12-02,Middle East,Yemen,Al Hudaydah,Explosions/Remote violence,Shelling/artillery/missile attack,1,1,36953.0,Political violence,3678.0,14.7791,43.2181
2023-12-09,Middle East,Yemen,Al Hudaydah,Explosions/Remote violence,Shelling/artillery/missile attack,2,3,36953.0,Political violence,3678.0,14.7791,43.2181
2023-12-16,Middle East,Yemen,Al Hudaydah,Explosions/Remote violence,Shelling/artillery/missile attack,1,0,,Political violence,3678.0,14.7791,43.2181
2024-01-27,Middle East,Yemen,Al Hudaydah,Explosions/Remote violence,Shelling/artillery/missile attack,2,0,5793.0,Political violence,3678.0,14.7791,43.2181
2024-02-17,Middle East,Yemen,Al Hudaydah,Explosions/Remote violence,Shelling/artillery/missile attack,1,0,414.0,Political violence,3678.0,14.7791,43.2181
2024-03-02,Middle East,Yemen,Al Hudaydah,Explosions/Remote violence,Shelling/artillery/missile attack,3,0,32402.0,Political violence,3678.0,14.7791,43.2181
2024-03-23,Middle East,Yemen,Al Hudaydah,Explosions/Remote violence,Shelling/artillery/missile attack,1,0,,Political violence,3678.0,14.7791,43.2181
2024-04-13,Middle East,Yemen,Al Hudaydah,Explosions/Remote violence,Shelling/artillery/missile attack,1,0,17403.0,Political violence,3678.0,14.7791,43.2181
2024-06-08,Middle East,Yemen,Al Hudaydah,Explosions/Remote violence,Shelling/artillery/missile attack,1,0,2265.0,Political violence,3678.0,14.7791,43.2181
2024-06-15,Middle East,Yemen,Al Hudaydah,Explosions/Remote violence,Shelling/artillery/missile attack,2,1,23022.0,Political violence,3678.0,14.7791,43.2181
2024-06-29,Middle East,Yemen,Al Hudaydah,Explosions/Remote violence,Shelling/artillery/missile attack,1,0,17338.0,Political violence,3678.0,14.7791,43.2181
2024-10-19,Middle East,Yemen,Al Hudaydah,Explosions/Remote violence,Shelling/artillery/missile attack,1,1,5619.0,Political violence,3678.0,14.7791,43.2181
2024-10-26,Middle East,Yemen,Al Hudaydah,Explosions/Remote violence,Shelling/artillery/missile attack,1,0,5619.0,Political violence,3678.0,14.7791,43.2181
2024-11-09,Middle East,Yemen,Al Hudaydah,Explosions/Remote violence,Shelling/artillery/missile attack,2,0,136321.0,Political violence,3678.0,14.7791,43.2181
2025-01-04,Middle East,Yemen,Al Hudaydah,Explosions/Remote violence,Shelling/artillery/missile attack,1,0,3229.0,Political violence,3678.0,14.7791,43.2181
2025-01-18,Middle East,Yemen,Al Hudaydah,Explosions/Remote violence,Shelling/artillery/missile attack,2,0,4511.0,Political violence,3678.0,14.7791,43.2181
2025-02-22,Middle East,Yemen,Al Hudaydah,Explosions/Remote violence,Shelling/artillery/missile attack,1,0,2430.0,Political violence,3678.0,14.7791,43.2181
2025-04-19,Middle East,Yemen,Al Hudaydah,Explosions/Remote violence,Shelling/artillery/missile attack,1,0,15867.0,Political violence,3678.0,14.7791,43.2181
2025-06-07,Middle East,Yemen,Al Hudaydah,Explosions/Remote violence,Shelling/artillery/missile attack,1,1,28462.0,Political violence,3678.0,14.7791,43.2181
2025-06-28,Middle East,Yemen,Al Hudaydah,Explosions/Remote violence,Shelling/artillery/missile attack,3,0,5838.0,Political violence,3678.0,14.7791,43.2181
2025-07-05,Middle East,Yemen,Al Hudaydah,Explosions/Remote violence,Shelling/artillery/missile attack,1,2,15867.0,Political violence,3678.0,14.7791,43.2181
2025-10-25,Middle East,Yemen,Al Hudaydah,Explosions/Remote violence,Shelling/artillery/missile attack,1,0,7425.0,Political violence,3678.0,14.7791,43.2181
2025-11-01,Middle East,Yemen,Al Hudaydah,Explosions/Remote violence,Shelling/artillery/missile attack,1,1,,Political violence,3678.0,14.7791,43.2181
2025-11-08,Middle East,Yemen,Al Hudaydah,Explosions/Remote violence,Shelling/artillery/missile attack,1,0,,Political violence,3678.0,14.7791,43.2181
2026-01-10,Middle East,Yemen,Al Hudaydah,Explosions/Remote violence,Shelling/artillery/missile attack,1,3,16431.0,Political violence,3678.0,14.7791,43.2181
2026-03-28,Middle East,Yemen,Al Hudaydah,Explosions/Remote violence,Shelling/artillery/missile attack,1,0,6054.0,Political violence,3678.0,14.7791,43.2181
2024-02-24,Middle East,Yemen,Al Hudaydah,Violence against civilians,Abduction/forced disappearance,1,0,122012.0,Political violence,3678.0,14.7791,43.2181
2024-03-02,Middle East,Yemen,Al Hudaydah,Violence against civilians,Abduction/forced disappearance,1,0,5505.0,Political violence,3678.0,14.7791,43.2181
2024-03-30,Middle East,Yemen,Al Hudaydah,Violence against civilians,Abduction/forced disappearance,1,0,283171.0,Political violence,3678.0,14.7791,43.2181
2024-04-06,Middle East,Yemen,Al Hudaydah,Violence against civilians,Abduction/forced disappearance,1,0,3801.0,Political violence,3678.0,14.7791,43.2181
2024-04-20,Middle East,Yemen,Al Hudaydah,Violence against civilians,Abduction/forced disappearance,1,0,25338.0,Political violence,3678.0,14.7791,43.2181
2024-05-04,Middle East,Yemen,Al Hudaydah,Violence against civilians,Abduction/forced disappearance,1,0,713.0,Political violence,3678.0,14.7791,43.2181
2024-06-01,Middle East,Yemen,Al Hudaydah,Violence against civilians,Abduction/forced disappearance,1,0,122012.0,Political violence,3678.0,14.7791,43.2181
2024-06-08,Middle East,Yemen,Al Hudaydah,Violence against civilians,Abduction/forced disappearance,1,0,122012.0,Political violence,3678.0,14.7791,43.2181
2024-06-22,Middle East,Yemen,Al Hudaydah,Violence against civilians,Abduction/forced disappearance,3,0,91115.0,Political violence,3678.0,14.7791,43.2181
2024-06-29,Middle East,Yemen,Al Hudaydah,Violence against civilians,Abduction/forced disappearance,1,0,108672.0,Political violence,3678.0,14.7791,43.2181
2024-08-03,Middle East,Yemen,Al Hudaydah,Violence against civilians,Abduction/forced disappearance,1,0,15128.0,Political violence,3678.0,14.7791,43.2181
2024-08-24,Middle East,Yemen,Al Hudaydah,Violence against civilians,Abduction/forced disappearance,1,0,93589.0,Political violence,3678.0,14.7791,43.2181
2024-09-21,Middle East,Yemen,Al Hudaydah,Violence against civilians,Abduction/forced disappearance,4,0,151939.0,Political violence,3678.0,14.7791,43.2181
2024-11-23,Middle East,Yemen,Al Hudaydah,Violence against civilians,Abduction/forced disappearance,1,0,2968.0,Political violence,3678.0,14.7791,43.2181
2024-12-07,Middle East,Yemen,Al Hudaydah,Violence against civilians,Abduction/forced disappearance,1,0,4958.0,Political violence,3678.0,14.7791,43.2181
2024-12-14,Middle East,Yemen,Al Hudaydah,Violence against civilians,Abduction/forced disappearance,1,0,2968.0,Political violence,3678.0,14.7791,43.2181
2025-02-01,Middle East,Yemen,Al Hudaydah,Violence against civilians,Abduction/forced disappearance,1,0,,Political violence,3678.0,14.7791,43.2181
2025-02-22,Middle East,Yemen,Al Hudaydah,Violence against civilians,Abduction/forced disappearance,1,0,15560.0,Political violence,3678.0,14.7791,43.2181
2025-03-01,Middle East,Yemen,Al Hudaydah,Violence against civilians,Abduction/forced disappearance,1,0,48389.0,Political violence,3678.0,14.7791,43.2181
2025-03-15,Middle East,Yemen,Al Hudaydah,Violence against civilians,Abduction/forced disappearance,2,0,48389.0,Political violence,3678.0,14.7791,43.2181
2025-03-22,Middle East,Yemen,Al Hudaydah,Violence against civilians,Abduction/forced disappearance,1,0,71780.0,Political violence,3678.0,14.7791,43.2181
2025-04-05,Middle East,Yemen,Al Hudaydah,Violence against civilians,Abduction/forced disappearance,2,0,46396.0,Political violence,3678.0,14.7791,43.2181
2025-04-19,Middle East,Yemen,Al Hudaydah,Violence against civilians,Abduction/forced disappearance,3,0,82583.0,Political violence,3678.0,14.7791,43.2181
2025-05-17,Middle East,Yemen,Al Hudaydah,Violence against civilians,Abduction/forced disappearance,3,0,114158.0,Political violence,3678.0,14.7791,43.2181
2025-05-24,Middle East,Yemen,Al Hudaydah,Violence against civilians,Abduction/forced disappearance,2,0,42378.0,Political violence,3678.0,14.7791,43.2181
2025-07-19,Middle East,Yemen,Al Hudaydah,Violence against civilians,Abduction/forced disappearance,1,0,54934.0,Political violence,3678.0,14.7791,43.2181
2025-08-16,Middle East,Yemen,Al Hudaydah,Violence against civilians,Abduction/forced disappearance,1,0,71757.0,Political violence,3678.0,14.7791,43.2181
2025-08-30,Middle East,Yemen,Al Hudaydah,Violence against civilians,Abduction/forced disappearance,1,0,12721.0,Political violence,3678.0,14.7791,43.2181
2025-09-13,Middle East,Yemen,Al Hudaydah,Violence against civilians,Abduction/forced disappearance,1,0,32366.0,Political violence,3678.0,14.7791,43.2181
2025-10-04,Middle East,Yemen,Al Hudaydah,Violence against civilians,Abduction/forced disappearance,1,0,153321.0,Political violence,3678.0,14.7791,43.2181
2025-11-29,Middle East,Yemen,Al Hudaydah,Violence against civilians,Abduction/forced disappearance,1,0,3871.0,Political violence,3678.0,14.7791,43.2181
2025-12-06,Middle East,Yemen,Al Hudaydah,Violence against civilians,Abduction/forced disappearance,1,0,29433.0,Political violence,3678.0,14.7791,43.2181
2026-02-07,Middle East,Yemen,Al Hudaydah,Violence against civilians,Abduction/forced disappearance,1,0,55576.0,Political violence,3678.0,14.7791,43.2181
2023-10-28,Middle East,Yemen,Al Hudaydah,Violence against civilians,Attack,1,0,36189.0,Political violence,3678.0,14.7791,43.2181
2024-03-16,Middle East,Yemen,Al Hudaydah,Violence against civilians,Attack,1,0,283171.0,Political violence,3678.0,14.7791,43.2181
2024-03-23,Middle East,Yemen,Al Hudaydah,Violence against civilians,Attack,1,1,9673.0,Political violence,3678.0,14.7791,43.2181
2024-04-20,Middle East,Yemen,Al Hudaydah,Violence against civilians,Attack,1,1,74846.0,Political violence,3678.0,14.7791,43.2181
2024-04-27,Middle East,Yemen,Al Hudaydah,Violence against civilians,Attack,1,1,122012.0,Political violence,3678.0,14.7791,43.2181
2024-05-04,Middle East,Yemen,Al Hudaydah,Violence against civilians,Attack,1,0,99882.0,Political violence,3678.0,14.7791,43.2181
2024-06-15,Middle East,Yemen,Al Hudaydah,Violence against civilians,Attack,1,1,17403.0,Political violence,3678.0,14.7791,43.2181
2024-08-10,Middle East,Yemen,Al Hudaydah,Violence against civilians,Attack,1,0,68215.0,Political violence,3678.0,14.7791,43.2181
2024-08-31,Middle East,Yemen,Al Hudaydah,Violence against civilians,Attack,1,1,4366.0,Political violence,3678.0,14.7791,43.2181
2024-09-14,Middle East,Yemen,Al Hudaydah,Violence against civilians,Attack,1,1,43498.0,Political violence,3678.0,14.7791,43.2181
2024-10-05,Middle East,Yemen,Al Hudaydah,Violence against civilians,Attack,2,1,94627.0,Political violence,3678.0,14.7791,43.2181
2024-12-21,Middle East,Yemen,Al Hudaydah,Violence against civilians,Attack,1,1,3806.0,Political violence,3678.0,14.7791,43.2181
2024-12-28,Middle East,Yemen,Al Hudaydah,Violence against civilians,Attack,1,1,16003.0,Political violence,3678.0,14.7791,43.2181
2025-01-11,Middle East,Yemen,Al Hudaydah,Violence against civilians,Attack,1,1,,Political violence,3678.0,14.7791,43.2181
2025-02-15,Middle East,Yemen,Al Hudaydah,Violence against civilians,Attack,1,1,24698.0,Political violence,3678.0,14.7791,43.2181
2025-03-15,Middle East,Yemen,Al Hudaydah,Violence against civilians,Attack,1,1,18661.0,Political violence,3678.0,14.7791,43.2181
2025-03-22,Middle East,Yemen,Al Hudaydah,Violence against civilians,Attack,1,0,3871.0,Political violence,3678.0,14.7791,43.2181
2025-04-26,Middle East,Yemen,Al Hudaydah,Violence against civilians,Attack,1,1,94479.0,Political violence,3678.0,14.7791,43.2181
2025-05-03,Middle East,Yemen,Al Hudaydah,Violence against civilians,Attack,1,1,15867.0,Political violence,3678.0,14.7791,43.2181
2025-05-17,Middle East,Yemen,Al Hudaydah,Violence against civilians,Attack,1,2,,Political violence,3678.0,14.7791,43.2181
2025-05-24,Middle East,Yemen,Al Hudaydah,Violence against civilians,Attack,1,0,62090.0,Political violence,3678.0,14.7791,43.2181
2025-06-07,Middle East,Yemen,Al Hudaydah,Violence against civilians,Attack,1,0,8038.0,Political violence,3678.0,14.7791,43.2181
2025-08-02,Middle East,Yemen,Al Hudaydah,Violence against civilians,Attack,1,1,94778.0,Political violence,3678.0,14.7791,43.2181
2025-08-23,Middle East,Yemen,Al Hudaydah,Violence against civilians,Attack,1,0,16289.0,Political violence,3678.0,14.7791,43.2181
2025-10-11,Middle East,Yemen,Al Hudaydah,Violence against civilians,Attack,1,0,44641.0,Political violence,3678.0,14.7791,43.2181
2025-11-08,Middle East,Yemen,Al Hudaydah,Violence against civilians,Attack,2,1,70933.0,Political violence,3678.0,14.7791,43.2181
2026-01-03,Middle East,Yemen,Al Hudaydah,Violence against civilians,Attack,1,1,27249.0,Political violence,3678.0,14.7791,43.2181
2026-01-17,Middle East,Yemen,Al Hudaydah,Violence against civilians,Attack,1,0,54432.0,Political violence,3678.0,14.7791,43.2181
2026-03-21,Middle East,Yemen,Al Hudaydah,Violence against civilians,Attack,1,0,,Political violence,3678.0,14.7791,43.2181
2023-10-21,Middle East,Yemen,Al Jawf,Battles,Armed clash,1,1,,Political violence,3679.0,16.5962,45.5989
2023-11-18,Middle East,Yemen,Al Jawf,Battles,Armed clash,1,3,3392.0,Political violence,3679.0,16.5962,45.5989
2024-01-13,Middle East,Yemen,Al Jawf,Battles,Armed clash,2,7,8343.0,Political violence,3679.0,16.5962,45.5989
2024-01-20,Middle East,Yemen,Al Jawf,Battles,Armed clash,1,3,50109.0,Political violence,3679.0,16.5962,45.5989
2024-01-27,Middle East,Yemen,Al Jawf,Battles,Armed clash,8,7,67334.0,Political violence,3679.0,16.5962,45.5989
2024-02-03,Middle East,Yemen,Al Jawf,Battles,Armed clash,1,3,8339.0,Political violence,3679.0,16.5962,45.5989
2024-02-24,Middle East,Yemen,Al Jawf,Battles,Armed clash,1,0,4657.0,Political violence,3679.0,16.5962,45.5989
2024-03-02,Middle East,Yemen,Al Jawf,Battles,Armed clash,2,3,14613.0,Political violence,3679.0,16.5962,45.5989
2024-03-09,Middle East,Yemen,Al Jawf,Battles,Armed clash,3,1,53256.0,Political violence,3679.0,16.5962,45.5989
2024-03-16,Middle East,Yemen,Al Jawf,Battles,Armed clash,2,0,53256.0,Political violence,3679.0,16.5962,45.5989
2024-03-23,Middle East,Yemen,Al Jawf,Battles,Armed clash,1,0,,Political violence,3679.0,16.5962,45.5989
2024-03-30,Middle East,Yemen,Al Jawf,Battles,Armed clash,3,4,50109.0,Political violence,3679.0,16.5962,45.5989
2024-04-06,Middle East,Yemen,Al Jawf,Battles,Armed clash,1,0,516.0,Political violence,3679.0,16.5962,45.5989
2024-05-04,Middle East,Yemen,Al Jawf,Battles,Armed clash,1,2,6404.0,Political violence,3679.0,16.5962,45.5989
2024-05-11,Middle East,Yemen,Al Jawf,Battles,Armed clash,2,1,32424.0,Political violence,3679.0,16.5962,45.5989
2024-05-18,Middle East,Yemen,Al Jawf,Battles,Armed clash,1,1,8339.0,Political violence,3679.0,16.5962,45.5989
2024-06-08,Middle East,Yemen,Al Jawf,Battles,Armed clash,2,1,53315.0,Political violence,3679.0,16.5962,45.5989
2024-06-15,Middle East,Yemen,Al Jawf,Battles,Armed clash,1,0,19228.0,Political violence,3679.0,16.5962,45.5989
2024-06-29,Middle East,Yemen,Al Jawf,Battles,Armed clash,6,1,9157.0,Political violence,3679.0,16.5962,45.5989
2024-07-06,Middle East,Yemen,Al Jawf,Battles,Armed clash,1,0,106.0,Political violence,3679.0,16.5962,45.5989
2024-08-17,Middle East,Yemen,Al Jawf,Battles,Armed clash,1,0,6967.0,Political violence,3679.0,16.5962,45.5989
2024-08-31,Middle East,Yemen,Al Jawf,Battles,Armed clash,1,0,50109.0,Political violence,3679.0,16.5962,45.5989
2024-09-07,Middle East,Yemen,Al Jawf,Battles,Armed clash,2,0,12414.0,Political violence,3679.0,16.5962,45.5989
2024-09-21,Middle East,Yemen,Al Jawf,Battles,Armed clash,1,0,19228.0,Political violence,3679.0,16.5962,45.5989
2024-09-28,Middle East,Yemen,Al Jawf,Battles,Armed clash,1,1,,Political violence,3679.0,16.5962,45.5989
2024-10-05,Middle East,Yemen,Al Jawf,Battles,Armed clash,1,0,2.0,Political violence,3679.0,16.5962,45.5989
2024-10-19,Middle East,Yemen,Al Jawf,Battles,Armed clash,1,0,25982.0,Political violence,3679.0,16.5962,45.5989
2024-10-26,Middle East,Yemen,Al Jawf,Battles,Armed clash,3,8,19929.0,Political violence,3679.0,16.5962,45.5989
2024-11-09,Middle East,Yemen,Al Jawf,Battles,Armed clash,1,0,22861.0,Political violence,3679.0,16.5962,45.5989
2024-11-16,Middle East,Yemen,Al Jawf,Battles,Armed clash,1,0,50109.0,Political violence,3679.0,16.5962,45.5989
2024-12-28,Middle East,Yemen,Al Jawf,Battles,Armed clash,1,0,8548.0,Political violence,3679.0,16.5962,45.5989
2025-01-04,Middle East,Yemen,Al Jawf,Battles,Armed clash,4,6,64275.0,Political violence,3679.0,16.5962,45.5989
2025-01-11,Middle East,Yemen,Al Jawf,Battles,Armed clash,1,3,,Political violence,3679.0,16.5962,45.5989
2025-01-18,Middle East,Yemen,Al Jawf,Battles,Armed clash,2,2,52174.0,Political violence,3679.0,16.5962,45.5989
2025-01-25,Middle East,Yemen,Al Jawf,Battles,Armed clash,1,1,11289.0,Political violence,3679.0,16.5962,45.5989
2025-02-08,Middle East,Yemen,Al Jawf,Battles,Armed clash,5,3,8955.0,Political violence,3679.0,16.5962,45.5989
2025-02-15,Middle East,Yemen,Al Jawf,Battles,Armed clash,2,7,,Political violence,3679.0,16.5962,45.5989
2025-02-22,Middle East,Yemen,Al Jawf,Battles,Armed clash,4,3,4775.0,Political violence,3679.0,16.5962,45.5989
2025-03-01,Middle East,Yemen,Al Jawf,Battles,Armed clash,4,3,11096.0,Political violence,3679.0,16.5962,45.5989
2025-03-15,Middle East,Yemen,Al Jawf,Battles,Armed clash,1,0,,Political violence,3679.0,16.5962,45.5989
2025-03-22,Middle East,Yemen,Al Jawf,Battles,Armed clash,2,3,39084.0,Political violence,3679.0,16.5962,45.5989
2025-05-03,Middle East,Yemen,Al Jawf,Battles,Armed clash,1,1,52174.0,Political violence,3679.0,16.5962,45.5989
2025-05-10,Middle East,Yemen,Al Jawf,Battles,Armed clash,1,3,51.0,Political violence,3679.0,16.5962,45.5989
2025-05-24,Middle East,Yemen,Al Jawf,Battles,Armed clash,4,5,65497.0,Political violence,3679.0,16.5962,45.5989
2025-05-31,Middle East,Yemen,Al Jawf,Battles,Armed clash,1,0,,Political violence,3679.0,16.5962,45.5989
2025-06-07,Middle East,Yemen,Al Jawf,Battles,Armed clash,1,0,52174.0,Political violence,3679.0,16.5962,45.5989
2025-06-14,Middle East,Yemen,Al Jawf,Battles,Armed clash,2,12,52174.0,Political violence,3679.0,16.5962,45.5989
2025-06-21,Middle East,Yemen,Al Jawf,Battles,Armed clash,2,1,61170.0,Political violence,3679.0,16.5962,45.5989
2025-06-28,Middle East,Yemen,Al Jawf,Battles,Armed clash,2,2,1010.0,Political violence,3679.0,16.5962,45.5989
2025-07-05,Middle East,Yemen,Al Jawf,Battles,Armed clash,1,0,22957.0,Political violence,3679.0,16.5962,45.5989
2025-07-19,Middle East,Yemen,Al Jawf,Battles,Armed clash,1,2,10498.0,Political violence,3679.0,16.5962,45.5989
2025-07-26,Middle East,Yemen,Al Jawf,Battles,Armed clash,1,4,8548.0,Political violence,3679.0,16.5962,45.5989
2025-08-09,Middle East,Yemen,Al Jawf,Battles,Armed clash,3,0,9119.0,Political violence,3679.0,16.5962,45.5989
2025-08-23,Middle East,Yemen,Al Jawf,Battles,Armed clash,1,1,6321.0,Political violence,3679.0,16.5962,45.5989
2025-08-30,Middle East,Yemen,Al Jawf,Battles,Armed clash,1,1,6321.0,Political violence,3679.0,16.5962,45.5989
2025-09-13,Middle East,Yemen,Al Jawf,Battles,Armed clash,2,1,27598.0,Political violence,3679.0,16.5962,45.5989
2025-09-27,Middle East,Yemen,Al Jawf,Battles,Armed clash,1,1,14822.0,Political violence,3679.0,16.5962,45.5989
2025-10-18,Middle East,Yemen,Al Jawf,Battles,Armed clash,3,5,33697.0,Political violence,3679.0,16.5962,45.5989
2025-11-01,Middle East,Yemen,Al Jawf,Battles,Armed clash,1,10,9119.0,Political violence,3679.0,16.5962,45.5989
2025-11-08,Middle East,Yemen,Al Jawf,Battles,Armed clash,3,2,38243.0,Political violence,3679.0,16.5962,45.5989
2025-11-15,Middle East,Yemen,Al Jawf,Battles,Armed clash,1,10,9119.0,Political violence,3679.0,16.5962,45.5989
2025-11-22,Middle East,Yemen,Al Jawf,Battles,Armed clash,2,14,26219.0,Political violence,3679.0,16.5962,45.5989
2026-01-10,Middle East,Yemen,Al Jawf,Battles,Armed clash,1,10,,Political violence,3679.0,16.5962,45.5989
2026-01-31,Middle East,Yemen,Al Jawf,Battles,Armed clash,2,0,,Political violence,3679.0,16.5962,45.5989
2026-02-07,Middle East,Yemen,Al Jawf,Battles,Armed clash,4,1,,Political violence,3679.0,16.5962,45.5989
2026-02-14,Middle East,Yemen,Al Jawf,Battles,Armed clash,1,5,11153.0,Political violence,3679.0,16.5962,45.5989
2026-02-21,Middle East,Yemen,Al Jawf,Battles,Armed clash,1,0,20002.0,Political violence,3679.0,16.5962,45.5989
2026-03-21,Middle East,Yemen,Al Jawf,Battles,Armed clash,1,1,,Political violence,3679.0,16.5962,45.5989
2026-03-28,Middle East,Yemen,Al Jawf,Battles,Armed clash,2,1,17575.0,Political violence,3679.0,16.5962,45.5989
2026-04-18,Middle East,Yemen,Al Jawf,Battles,Armed clash,1,0,17575.0,Political violence,3679.0,16.5962,45.5989
2023-12-02,Middle East,Yemen,Al Jawf,Explosions/Remote violence,Air/drone strike,1,0,,Political violence,3679.0,16.5962,45.5989
2024-01-13,Middle East,Yemen,Al Jawf,Explosions/Remote violence,Air/drone strike,1,2,8339.0,Political violence,3679.0,16.5962,45.5989
2024-03-09,Middle East,Yemen,Al Jawf,Explosions/Remote violence,Air/drone strike,1,0,53256.0,Political violence,3679.0,16.5962,45.5989
2025-03-08,Middle East,Yemen,Al Jawf,Explosions/Remote violence,Air/drone strike,1,0,52174.0,Political violence,3679.0,16.5962,45.5989
2025-03-15,Middle East,Yemen,Al Jawf,Explosions/Remote violence,Air/drone strike,2,4,52174.0,Political violence,3679.0,16.5962,45.5989
2025-03-22,Middle East,Yemen,Al Jawf,Explosions/Remote violence,Air/drone strike,4,8,87052.0,Political violence,3679.0,16.5962,45.5989
2025-04-12,Middle East,Yemen,Al Jawf,Explosions/Remote violence,Air/drone strike,5,0,73049.0,Political violence,3679.0,16.5962,45.5989
2025-04-19,Middle East,Yemen,Al Jawf,Explosions/Remote violence,Air/drone strike,1,0,26757.0,Political violence,3679.0,16.5962,45.5989
2025-04-26,Middle East,Yemen,Al Jawf,Explosions/Remote violence,Air/drone strike,9,0,106119.0,Political violence,3679.0,16.5962,45.5989
2025-05-03,Middle East,Yemen,Al Jawf,Explosions/Remote violence,Air/drone strike,7,3,88050.0,Political violence,3679.0,16.5962,45.5989
2025-09-06,Middle East,Yemen,Al Jawf,Explosions/Remote violence,Air/drone strike,2,8,29484.0,Political violence,3679.0,16.5962,45.5989
2023-10-21,Middle East,Yemen,Al Jawf,Explosions/Remote violence,Shelling/artillery/missile attack,1,0,,Political violence,3679.0,16.5962,45.5989
2023-11-04,Middle East,Yemen,Al Jawf,Explosions/Remote violence,Shelling/artillery/missile attack,1,0,3.0,Political violence,3679.0,16.5962,45.5989
2025-02-15,Middle East,Yemen,Al Jawf,Explosions/Remote violence,Shelling/artillery/missile attack,1,0,52174.0,Political violence,3679.0,16.5962,45.5989
2025-03-01,Middle East,Yemen,Al Jawf,Explosions/Remote violence,Shelling/artillery/missile attack,1,0,52174.0,Political violence,3679.0,16.5962,45.5989
2025-05-31,Middle East,Yemen,Al Jawf,Explosions/Remote violence,Shelling/artillery/missile attack,1,0,,Political violence,3679.0,16.5962,45.5989
2024-04-13,Middle East,Yemen,Al Jawf,Violence against civilians,Abduction/forced disappearance,1,0,37657.0,Political violence,3679.0,16.5962,45.5989
2025-01-25,Middle East,Yemen,Al Jawf,Violence against civilians,Abduction/forced disappearance,1,0,10783.0,Political violence,3679.0,16.5962,45.5989
2025-07-26,Middle East,Yemen,Al Jawf,Violence against civilians,Abduction/forced disappearance,1,0,7380.0,Political violence,3679.0,16.5962,45.5989
2026-04-18,Middle East,Yemen,Al Jawf,Violence against civilians,Abduction/forced disappearance,1,0,,Political violence,3679.0,16.5962,45.5989
2023-10-07,Middle East,Yemen,Al Jawf,Violence against civilians,Attack,1,1,33497.0,Political violence,3679.0,16.5962,45.5989
2023-11-11,Middle East,Yemen,Al Jawf,Violence against civilians,Attack,1,1,37700.0,Political violence,3679.0,16.5962,45.5989
2023-12-16,Middle East,Yemen,Al Jawf,Violence against civilians,Attack,1,0,24507.0,Political violence,3679.0,16.5962,45.5989
2024-01-20,Middle East,Yemen,Al Jawf,Violence against civilians,Attack,2,3,58448.0,Political violence,3679.0,16.5962,45.5989
2024-01-27,Middle East,Yemen,Al Jawf,Violence against civilians,Attack,2,1,10549.0,Political violence,3679.0,16.5962,45.5989
2024-02-10,Middle East,Yemen,Al Jawf,Violence against civilians,Attack,1,0,3820.0,Political violence,3679.0,16.5962,45.5989
2024-03-02,Middle East,Yemen,Al Jawf,Violence against civilians,Attack,1,1,406.0,Political violence,3679.0,16.5962,45.5989
2024-03-16,Middle East,Yemen,Al Jawf,Violence against civilians,Attack,1,1,53256.0,Political violence,3679.0,16.5962,45.5989
2024-04-06,Middle East,Yemen,Al Jawf,Violence against civilians,Attack,3,3,82847.0,Political violence,3679.0,16.5962,45.5989
2024-04-27,Middle East,Yemen,Al Jawf,Violence against civilians,Attack,1,1,50109.0,Political violence,3679.0,16.5962,45.5989
2024-05-04,Middle East,Yemen,Al Jawf,Violence against civilians,Attack,1,1,50109.0,Political violence,3679.0,16.5962,45.5989
2024-05-11,Middle East,Yemen,Al Jawf,Violence against civilians,Attack,1,0,25261.0,Political violence,3679.0,16.5962,45.5989
2024-05-25,Middle East,Yemen,Al Jawf,Violence against civilians,Attack,1,1,50109.0,Political violence,3679.0,16.5962,45.5989
2024-07-13,Middle East,Yemen,Al Jawf,Violence against civilians,Attack,2,1,11878.0,Political violence,3679.0,16.5962,45.5989
2024-08-17,Middle East,Yemen,Al Jawf,Violence against civilians,Attack,1,1,6967.0,Political violence,3679.0,16.5962,45.5989
2024-08-24,Middle East,Yemen,Al Jawf,Violence against civilians,Attack,1,1,11146.0,Political violence,3679.0,16.5962,45.5989
2024-09-28,Middle East,Yemen,Al Jawf,Violence against civilians,Attack,2,3,58448.0,Political violence,3679.0,16.5962,45.5989
2024-10-26,Middle East,Yemen,Al Jawf,Violence against civilians,Attack,1,0,37657.0,Political violence,3679.0,16.5962,45.5989
2024-11-16,Middle East,Yemen,Al Jawf,Violence against civilians,Attack,1,1,50109.0,Political violence,3679.0,16.5962,45.5989
2024-11-23,Middle East,Yemen,Al Jawf,Violence against civilians,Attack,1,1,50109.0,Political violence,3679.0,16.5962,45.5989
2024-12-21,Middle East,Yemen,Al Jawf,Violence against civilians,Attack,1,1,,Political violence,3679.0,16.5962,45.5989
2025-01-04,Middle East,Yemen,Al Jawf,Violence against civilians,Attack,1,1,,Political violence,3679.0,16.5962,45.5989
2025-02-01,Middle East,Yemen,Al Jawf,Violence against civilians,Attack,1,1,,Political violence,3679.0,16.5962,45.5989
2025-03-22,Middle East,Yemen,Al Jawf,Violence against civilians,Attack,2,2,75131.0,Political violence,3679.0,16.5962,45.5989
2025-04-12,Middle East,Yemen,Al Jawf,Violence against civilians,Attack,1,1,1796.0,Political violence,3679.0,16.5962,45.5989
2025-04-26,Middle East,Yemen,Al Jawf,Violence against civilians,Attack,1,1,2369.0,Political violence,3679.0,16.5962,45.5989
2025-05-03,Middle East,Yemen,Al Jawf,Violence against civilians,Attack,1,1,52174.0,Political violence,3679.0,16.5962,45.5989
2025-05-17,Middle East,Yemen,Al Jawf,Violence against civilians,Attack,1,1,8548.0,Political violence,3679.0,16.5962,45.5989
2025-05-24,Middle East,Yemen,Al Jawf,Violence against civilians,Attack,1,1,416.0,Political violence,3679.0,16.5962,45.5989
2025-05-31,Middle East,Yemen,Al Jawf,Violence against civilians,Attack,1,0,39346.0,Political violence,3679.0,16.5962,45.5989
2025-07-05,Middle East,Yemen,Al Jawf,Violence against civilians,Attack,1,1,52174.0,Political violence,3679.0,16.5962,45.5989
2025-07-12,Middle East,Yemen,Al Jawf,Violence against civilians,Attack,1,1,5937.0,Political violence,3679.0,16.5962,45.5989
2025-07-26,Middle East,Yemen,Al Jawf,Violence against civilians,Attack,1,0,10783.0,Political violence,3679.0,16.5962,45.5989
2025-08-02,Middle East,Yemen,Al Jawf,Violence against civilians,Attack,1,1,9119.0,Political violence,3679.0,16.5962,45.5989
2025-09-06,Middle East,Yemen,Al Jawf,Violence against civilians,Attack,1,1,2369.0,Political violence,3679.0,16.5962,45.5989
2025-09-13,Middle East,Yemen,Al Jawf,Violence against civilians,Attack,1,1,17100.0,Political violence,3679.0,16.5962,45.5989
2025-10-11,Middle East,Yemen,Al Jawf,Violence against civilians,Attack,1,3,17100.0,Political violence,3679.0,16.5962,45.5989
2025-11-08,Middle East,Yemen,Al Jawf,Violence against civilians,Attack,1,1,8548.0,Political violence,3679.0,16.5962,45.5989
2025-11-29,Middle East,Yemen,Al Jawf,Violence against civilians,Attack,1,1,2369.0,Political violence,3679.0,16.5962,45.5989
2025-12-06,Middle East,Yemen,Al Jawf,Violence against civilians,Attack,1,1,17100.0,Political violence,3679.0,16.5962,45.5989
2025-12-27,Middle East,Yemen,Al Jawf,Violence against civilians,Attack,2,1,16693.0,Political violence,3679.0,16.5962,45.5989
2026-01-31,Middle East,Yemen,Al Jawf,Violence against civilians,Attack,1,1,17575.0,Political violence,3679.0,16.5962,45.5989
2026-02-07,Middle East,Yemen,Al Jawf,Violence against civilians,Attack,1,2,42.0,Political violence,3679.0,16.5962,45.5989
2026-02-28,Middle East,Yemen,Al Jawf,Violence against civilians,Attack,1,2,9377.0,Political violence,3679.0,16.5962,45.5989
2026-03-21,Middle East,Yemen,Al Jawf,Violence against civilians,Attack,1,1,17575.0,Political violence,3679.0,16.5962,45.5989
2026-03-28,Middle East,Yemen,Al Jawf,Violence against civilians,Attack,1,1,17575.0,Political violence,3679.0,16.5962,45.5989
2026-04-18,Middle East,Yemen,Al Jawf,Violence against civilians,Attack,1,1,17575.0,Political violence,3679.0,16.5962,45.5989
2024-02-10,Middle East,Yemen,Al Mahrah,Battles,Armed clash,1,0,1324.0,Political violence,3680.0,17.0575,51.8238
2024-04-20,Middle East,Yemen,Al Mahrah,Battles,Armed clash,1,1,45715.0,Political violence,3680.0,17.0575,51.8238
2025-02-08,Middle East,Yemen,Al Mahrah,Battles,Armed clash,2,0,2037.0,Political violence,3680.0,17.0575,51.8238
2025-07-05,Middle East,Yemen,Al Mahrah,Battles,Armed clash,1,2,1301.0,Political violence,3680.0,17.0575,51.8238
2025-08-09,Middle East,Yemen,Al Mahrah,Battles,Armed clash,1,0,5553.0,Political violence,3680.0,17.0575,51.8238
2025-08-23,Middle East,Yemen,Al Mahrah,Battles,Armed clash,1,1,47075.0,Political violence,3680.0,17.0575,51.8238
2026-01-03,Middle East,Yemen,Al Mahrah,Battles,Armed clash,1,0,45304.0,Political violence,3680.0,17.0575,51.8238
2026-01-03,Middle East,Yemen,Al Mahrah,Explosions/Remote violence,Air/drone strike,1,0,45304.0,Political violence,3680.0,17.0575,51.8238
2026-01-24,Middle East,Yemen,Al Mahrah,Explosions/Remote violence,Air/drone strike,1,1,45304.0,Political violence,3680.0,17.0575,51.8238
2026-02-07,Middle East,Yemen,Al Mahrah,Explosions/Remote violence,Air/drone strike,1,1,8528.0,Political violence,3680.0,17.0575,51.8238
2024-01-06,Middle East,Yemen,Al Mahrah,Violence against civilians,Attack,1,1,3292.0,Political violence,3680.0,17.0575,51.8238
2025-07-19,Middle East,Yemen,Al Mahrah,Violence against civilians,Attack,1,0,27373.0,Political violence,3680.0,17.0575,51.8238
2025-12-13,Middle East,Yemen,Al Mahrah,Violence against civilians,Attack,1,0,26948.0,Political violence,3680.0,17.0575,51.8238
2026-02-14,Middle East,Yemen,Al Mahwit,Battles,Armed clash,1,1,1881.0,Political violence,3681.0,15.3084,43.4994
2025-04-19,Middle East,Yemen,Al Mahwit,Explosions/Remote violence,Air/drone strike,1,3,66947.0,Political violence,3681.0,15.3084,43.4994
2025-04-26,Middle East,Yemen,Al Mahwit,Explosions/Remote violence,Air/drone strike,2,0,86723.0,Political violence,3681.0,15.3084,43.4994
2025-05-03,Middle East,Yemen,Al Mahwit,Explosions/Remote violence,Air/drone strike,1,6,11302.0,Political violence,3681.0,15.3084,43.4994
2023-10-07,Middle East,Yemen,Al Mahwit,Violence against civilians,Abduction/forced disappearance,1,0,30897.0,Political violence,3681.0,15.3084,43.4994
2024-05-18,Middle East,Yemen,Al Mahwit,Violence against civilians,Abduction/forced disappearance,1,0,29973.0,Political violence,3681.0,15.3084,43.4994
2025-04-19,Middle East,Yemen,Al Mahwit,Violence against civilians,Abduction/forced disappearance,1,0,37964.0,Political violence,3681.0,15.3084,43.4994
2026-01-17,Middle East,Yemen,Al Mahwit,Violence against civilians,Abduction/forced disappearance,1,0,9499.0,Political violence,3681.0,15.3084,43.4994
2026-02-07,Middle East,Yemen,Al Mahwit,Violence against civilians,Abduction/forced disappearance,1,0,128.0,Political violence,3681.0,15.3084,43.4994
2024-12-07,Middle East,Yemen,Al Mahwit,Violence against civilians,Attack,1,1,68489.0,Political violence,3681.0,15.3084,43.4994
2026-02-14,Middle East,Yemen,Al Mahwit,Violence against civilians,Attack,2,1,35745.0,Political violence,3681.0,15.3084,43.4994
2023-10-07,Middle East,Yemen,Amanat al Asimah,Battles,Armed clash,1,0,24036.0,Political violence,3682.0,15.4201,44.1919
2024-02-03,Middle East,Yemen,Amanat al Asimah,Battles,Armed clash,1,0,37306.0,Political violence,3682.0,15.4201,44.1919
2024-03-16,Middle East,Yemen,Amanat al Asimah,Battles,Armed clash,1,1,376418.0,Political violence,3682.0,15.4201,44.1919
2024-04-13,Middle East,Yemen,Amanat al Asimah,Battles,Armed clash,1,1,48025.0,Political violence,3682.0,15.4201,44.1919
2024-05-11,Middle East,Yemen,Amanat al Asimah,Battles,Armed clash,1,1,188937.0,Political violence,3682.0,15.4201,44.1919
2024-11-02,Middle East,Yemen,Amanat al Asimah,Battles,Armed clash,1,0,48025.0,Political violence,3682.0,15.4201,44.1919
2024-11-09,Middle East,Yemen,Amanat al Asimah,Battles,Armed clash,3,5,71321.0,Political violence,3682.0,15.4201,44.1919
2024-12-07,Middle East,Yemen,Amanat al Asimah,Battles,Armed clash,1,0,46139.0,Political violence,3682.0,15.4201,44.1919
2025-02-01,Middle East,Yemen,Amanat al Asimah,Battles,Armed clash,1,3,47462.0,Political violence,3682.0,15.4201,44.1919
2025-02-08,Middle East,Yemen,Amanat al Asimah,Battles,Armed clash,1,1,71284.0,Political violence,3682.0,15.4201,44.1919
2025-03-08,Middle East,Yemen,Amanat al Asimah,Battles,Armed clash,1,0,156064.0,Political violence,3682.0,15.4201,44.1919
2025-04-05,Middle East,Yemen,Amanat al Asimah,Battles,Armed clash,1,2,100748.0,Political violence,3682.0,15.4201,44.1919
2025-04-12,Middle East,Yemen,Amanat al Asimah,Battles,Armed clash,1,1,44908.0,Political violence,3682.0,15.4201,44.1919
2025-10-25,Middle East,Yemen,Amanat al Asimah,Battles,Armed clash,2,0,35417.0,Political violence,3682.0,15.4201,44.1919
2026-02-21,Middle East,Yemen,Amanat al Asimah,Battles,Armed clash,1,10,72975.0,Political violence,3682.0,15.4201,44.1919
2026-04-04,Middle East,Yemen,Amanat al Asimah,Battles,Armed clash,1,1,,Political violence,3682.0,15.4201,44.1919
2026-04-11,Middle East,Yemen,Amanat al Asimah,Battles,Armed clash,1,1,,Political violence,3682.0,15.4201,44.1919
2024-01-06,Middle East,Yemen,Amanat al Asimah,Explosions/Remote violence,Air/drone strike,1,1,21510.0,Political violence,3682.0,15.4201,44.1919
2024-01-20,Middle East,Yemen,Amanat al Asimah,Explosions/Remote violence,Air/drone strike,3,0,133947.0,Political violence,3682.0,15.4201,44.1919
2024-02-03,Middle East,Yemen,Amanat al Asimah,Explosions/Remote violence,Air/drone strike,1,0,32653.0,Political violence,3682.0,15.4201,44.1919
2024-02-24,Middle East,Yemen,Amanat al Asimah,Explosions/Remote violence,Air/drone strike,2,0,102064.0,Political violence,3682.0,15.4201,44.1919
2024-03-16,Middle East,Yemen,Amanat al Asimah,Explosions/Remote violence,Air/drone strike,2,0,384019.0,Political violence,3682.0,15.4201,44.1919
2024-05-25,Middle East,Yemen,Amanat al Asimah,Explosions/Remote violence,Air/drone strike,2,0,45590.0,Political violence,3682.0,15.4201,44.1919
2024-09-28,Middle East,Yemen,Amanat al Asimah,Explosions/Remote violence,Air/drone strike,1,0,20576.0,Political violence,3682.0,15.4201,44.1919
2024-10-12,Middle East,Yemen,Amanat al Asimah,Explosions/Remote violence,Air/drone strike,3,0,180624.0,Political violence,3682.0,15.4201,44.1919
2024-11-09,Middle East,Yemen,Amanat al Asimah,Explosions/Remote violence,Air/drone strike,4,0,264027.0,Political violence,3682.0,15.4201,44.1919
2024-12-14,Middle East,Yemen,Amanat al Asimah,Explosions/Remote violence,Air/drone strike,2,0,105528.0,Political violence,3682.0,15.4201,44.1919
2024-12-21,Middle East,Yemen,Amanat al Asimah,Explosions/Remote violence,Air/drone strike,9,3,271530.0,Political violence,3682.0,15.4201,44.1919
2024-12-28,Middle East,Yemen,Amanat al Asimah,Explosions/Remote violence,Air/drone strike,2,0,54225.0,Political violence,3682.0,15.4201,44.1919
2025-01-04,Middle East,Yemen,Amanat al Asimah,Explosions/Remote violence,Air/drone strike,3,0,47962.0,Political violence,3682.0,15.4201,44.1919
2025-03-15,Middle East,Yemen,Amanat al Asimah,Explosions/Remote violence,Air/drone strike,16,19,522970.0,Political violence,3682.0,15.4201,44.1919
2025-03-22,Middle East,Yemen,Amanat al Asimah,Explosions/Remote violence,Air/drone strike,4,5,154441.0,Political violence,3682.0,15.4201,44.1919
2025-03-29,Middle East,Yemen,Amanat al Asimah,Explosions/Remote violence,Air/drone strike,4,1,103793.0,Political violence,3682.0,15.4201,44.1919
2025-04-05,Middle East,Yemen,Amanat al Asimah,Explosions/Remote violence,Air/drone strike,8,7,264182.0,Political violence,3682.0,15.4201,44.1919
2025-04-12,Middle East,Yemen,Amanat al Asimah,Explosions/Remote violence,Air/drone strike,5,6,43379.0,Political violence,3682.0,15.4201,44.1919
2025-04-19,Middle East,Yemen,Amanat al Asimah,Explosions/Remote violence,Air/drone strike,15,17,571829.0,Political violence,3682.0,15.4201,44.1919
2025-04-26,Middle East,Yemen,Amanat al Asimah,Explosions/Remote violence,Air/drone strike,19,20,889137.0,Political violence,3682.0,15.4201,44.1919
2025-05-03,Middle East,Yemen,Amanat al Asimah,Explosions/Remote violence,Air/drone strike,7,2,316225.0,Political violence,3682.0,15.4201,44.1919
2025-05-24,Middle East,Yemen,Amanat al Asimah,Explosions/Remote violence,Air/drone strike,1,0,13217.0,Political violence,3682.0,15.4201,44.1919
2025-06-14,Middle East,Yemen,Amanat al Asimah,Explosions/Remote violence,Air/drone strike,1,5,39995.0,Political violence,3682.0,15.4201,44.1919
2025-08-23,Middle East,Yemen,Amanat al Asimah,Explosions/Remote violence,Air/drone strike,4,17,109103.0,Political violence,3682.0,15.4201,44.1919
2025-09-06,Middle East,Yemen,Amanat al Asimah,Explosions/Remote violence,Air/drone strike,3,39,112209.0,Political violence,3682.0,15.4201,44.1919
2025-09-20,Middle East,Yemen,Amanat al Asimah,Explosions/Remote violence,Air/drone strike,8,30,417990.0,Political violence,3682.0,15.4201,44.1919
2024-01-13,Middle East,Yemen,Amanat al Asimah,Explosions/Remote violence,Shelling/artillery/missile attack,1,0,21510.0,Political violence,3682.0,15.4201,44.1919
2025-02-15,Middle East,Yemen,Amanat al Asimah,Explosions/Remote violence,Shelling/artillery/missile attack,1,0,47462.0,Political violence,3682.0,15.4201,44.1919
2025-09-27,Middle East,Yemen,Amanat al Asimah,Explosions/Remote violence,Shelling/artillery/missile attack,1,1,60072.0,Political violence,3682.0,15.4201,44.1919
2023-10-07,Middle East,Yemen,Amanat al Asimah,Violence against civilians,Abduction/forced disappearance,2,0,24036.0,Political violence,3682.0,15.4201,44.1919
2023-10-14,Middle East,Yemen,Amanat al Asimah,Violence against civilians,Abduction/forced disappearance,1,0,,Political violence,3682.0,15.4201,44.1919
2023-12-30,Middle East,Yemen,Amanat al Asimah,Violence against civilians,Abduction/forced disappearance,1,0,26670.0,Political violence,3682.0,15.4201,44.1919
2024-01-06,Middle East,Yemen,Amanat al Asimah,Violence against civilians,Abduction/forced disappearance,1,0,7431.0,Political violence,3682.0,15.4201,44.1919
2024-01-13,Middle East,Yemen,Amanat al Asimah,Violence against civilians,Abduction/forced disappearance,1,0,26670.0,Political violence,3682.0,15.4201,44.1919
2024-03-09,Middle East,Yemen,Amanat al Asimah,Violence against civilians,Abduction/forced disappearance,1,0,475269.0,Political violence,3682.0,15.4201,44.1919
2024-04-13,Middle East,Yemen,Amanat al Asimah,Violence against civilians,Abduction/forced disappearance,1,0,,Political violence,3682.0,15.4201,44.1919
2024-04-20,Middle East,Yemen,Amanat al Asimah,Violence against civilians,Abduction/forced disappearance,2,0,147391.0,Political violence,3682.0,15.4201,44.1919
2024-04-27,Middle East,Yemen,Amanat al Asimah,Violence against civilians,Abduction/forced disappearance,1,0,48025.0,Political violence,3682.0,15.4201,44.1919
2024-05-04,Middle East,Yemen,Amanat al Asimah,Violence against civilians,Abduction/forced disappearance,1,0,48025.0,Political violence,3682.0,15.4201,44.1919
2024-05-18,Middle East,Yemen,Amanat al Asimah,Violence against civilians,Abduction/forced disappearance,2,0,58528.0,Political violence,3682.0,15.4201,44.1919
2024-05-25,Middle East,Yemen,Amanat al Asimah,Violence against civilians,Abduction/forced disappearance,1,0,38401.0,Political violence,3682.0,15.4201,44.1919
2024-06-01,Middle East,Yemen,Amanat al Asimah,Violence against civilians,Abduction/forced disappearance,3,0,151879.0,Political violence,3682.0,15.4201,44.1919
2024-06-08,Middle East,Yemen,Amanat al Asimah,Violence against civilians,Abduction/forced disappearance,6,0,498840.0,Political violence,3682.0,15.4201,44.1919
2024-06-15,Middle East,Yemen,Amanat al Asimah,Violence against civilians,Abduction/forced disappearance,1,0,48025.0,Political violence,3682.0,15.4201,44.1919
2024-06-22,Middle East,Yemen,Amanat al Asimah,Violence against civilians,Abduction/forced disappearance,2,0,87082.0,Political violence,3682.0,15.4201,44.1919
2024-06-29,Middle East,Yemen,Amanat al Asimah,Violence against civilians,Abduction/forced disappearance,3,0,243701.0,Political violence,3682.0,15.4201,44.1919
2024-07-06,Middle East,Yemen,Amanat al Asimah,Violence against civilians,Abduction/forced disappearance,2,0,48025.0,Political violence,3682.0,15.4201,44.1919
2024-07-27,Middle East,Yemen,Amanat al Asimah,Violence against civilians,Abduction/forced disappearance,5,0,466869.0,Political violence,3682.0,15.4201,44.1919
2024-08-31,Middle East,Yemen,Amanat al Asimah,Violence against civilians,Abduction/forced disappearance,1,0,48025.0,Political violence,3682.0,15.4201,44.1919
2024-09-07,Middle East,Yemen,Amanat al Asimah,Violence against civilians,Abduction/forced disappearance,1,0,48025.0,Political violence,3682.0,15.4201,44.1919
2024-09-14,Middle East,Yemen,Amanat al Asimah,Violence against civilians,Abduction/forced disappearance,5,0,124413.0,Political violence,3682.0,15.4201,44.1919
2024-09-21,Middle East,Yemen,Amanat al Asimah,Violence against civilians,Abduction/forced disappearance,10,0,361339.0,Political violence,3682.0,15.4201,44.1919
2024-10-05,Middle East,Yemen,Amanat al Asimah,Violence against civilians,Abduction/forced disappearance,2,0,48025.0,Political violence,3682.0,15.4201,44.1919
2024-10-26,Middle East,Yemen,Amanat al Asimah,Violence against civilians,Abduction/forced disappearance,1,0,29065.0,Political violence,3682.0,15.4201,44.1919
2024-11-09,Middle East,Yemen,Amanat al Asimah,Violence against civilians,Abduction/forced disappearance,1,0,48025.0,Political violence,3682.0,15.4201,44.1919
2024-12-07,Middle East,Yemen,Amanat al Asimah,Violence against civilians,Abduction/forced disappearance,5,0,190232.0,Political violence,3682.0,15.4201,44.1919
2024-12-14,Middle East,Yemen,Amanat al Asimah,Violence against civilians,Abduction/forced disappearance,1,0,100342.0,Political violence,3682.0,15.4201,44.1919
2024-12-28,Middle East,Yemen,Amanat al Asimah,Violence against civilians,Abduction/forced disappearance,1,0,46139.0,Political violence,3682.0,15.4201,44.1919
2025-01-04,Middle East,Yemen,Amanat al Asimah,Violence against civilians,Abduction/forced disappearance,4,0,125730.0,Political violence,3682.0,15.4201,44.1919
2025-01-18,Middle East,Yemen,Amanat al Asimah,Violence against civilians,Abduction/forced disappearance,1,0,22879.0,Political violence,3682.0,15.4201,44.1919
2025-01-25,Middle East,Yemen,Amanat al Asimah,Violence against civilians,Abduction/forced disappearance,2,0,203814.0,Political violence,3682.0,15.4201,44.1919
2025-02-08,Middle East,Yemen,Amanat al Asimah,Violence against civilians,Abduction/forced disappearance,1,0,47462.0,Political violence,3682.0,15.4201,44.1919
2025-02-22,Middle East,Yemen,Amanat al Asimah,Violence against civilians,Abduction/forced disappearance,2,0,148210.0,Political violence,3682.0,15.4201,44.1919
2025-03-01,Middle East,Yemen,Amanat al Asimah,Violence against civilians,Abduction/forced disappearance,1,0,43803.0,Political violence,3682.0,15.4201,44.1919
2025-03-08,Middle East,Yemen,Amanat al Asimah,Violence against civilians,Abduction/forced disappearance,1,0,47462.0,Political violence,3682.0,15.4201,44.1919
2025-03-15,Middle East,Yemen,Amanat al Asimah,Violence against civilians,Abduction/forced disappearance,3,0,47462.0,Political violence,3682.0,15.4201,44.1919
2025-03-22,Middle East,Yemen,Amanat al Asimah,Violence against civilians,Abduction/forced disappearance,3,0,47462.0,Political violence,3682.0,15.4201,44.1919
2025-04-12,Middle East,Yemen,Amanat al Asimah,Violence against civilians,Abduction/forced disappearance,2,0,44908.0,Political violence,3682.0,15.4201,44.1919
2025-04-19,Middle East,Yemen,Amanat al Asimah,Violence against civilians,Abduction/forced disappearance,2,0,128063.0,Political violence,3682.0,15.4201,44.1919
2025-04-26,Middle East,Yemen,Amanat al Asimah,Violence against civilians,Abduction/forced disappearance,1,0,44908.0,Political violence,3682.0,15.4201,44.1919
2025-05-03,Middle East,Yemen,Amanat al Asimah,Violence against civilians,Abduction/forced disappearance,2,0,44908.0,Political violence,3682.0,15.4201,44.1919
2025-05-10,Middle East,Yemen,Amanat al Asimah,Violence against civilians,Abduction/forced disappearance,1,0,44908.0,Political violence,3682.0,15.4201,44.1919
2025-05-17,Middle East,Yemen,Amanat al Asimah,Violence against civilians,Abduction/forced disappearance,3,0,85442.0,Political violence,3682.0,15.4201,44.1919
2025-05-24,Middle East,Yemen,Amanat al Asimah,Violence against civilians,Abduction/forced disappearance,1,0,44908.0,Political violence,3682.0,15.4201,44.1919
2025-05-31,Middle East,Yemen,Amanat al Asimah,Violence against civilians,Abduction/forced disappearance,1,0,44908.0,Political violence,3682.0,15.4201,44.1919
2025-06-28,Middle East,Yemen,Amanat al Asimah,Violence against civilians,Abduction/forced disappearance,1,0,44908.0,Political violence,3682.0,15.4201,44.1919
2025-07-05,Middle East,Yemen,Amanat al Asimah,Violence against civilians,Abduction/forced disappearance,4,0,106794.0,Political violence,3682.0,15.4201,44.1919
2025-08-02,Middle East,Yemen,Amanat al Asimah,Violence against civilians,Abduction/forced disappearance,1,0,44908.0,Political violence,3682.0,15.4201,44.1919
2025-08-16,Middle East,Yemen,Amanat al Asimah,Violence against civilians,Abduction/forced disappearance,3,0,44908.0,Political violence,3682.0,15.4201,44.1919
2025-08-23,Middle East,Yemen,Amanat al Asimah,Violence against civilians,Abduction/forced disappearance,6,0,292106.0,Political violence,3682.0,15.4201,44.1919
2025-08-30,Middle East,Yemen,Amanat al Asimah,Violence against civilians,Abduction/forced disappearance,2,0,77524.0,Political violence,3682.0,15.4201,44.1919
2025-09-06,Middle East,Yemen,Amanat al Asimah,Violence against civilians,Abduction/forced disappearance,1,0,60072.0,Political violence,3682.0,15.4201,44.1919
2025-09-13,Middle East,Yemen,Amanat al Asimah,Violence against civilians,Abduction/forced disappearance,1,0,51358.0,Political violence,3682.0,15.4201,44.1919
2025-09-20,Middle East,Yemen,Amanat al Asimah,Violence against civilians,Abduction/forced disappearance,6,0,272811.0,Political violence,3682.0,15.4201,44.1919
2025-09-27,Middle East,Yemen,Amanat al Asimah,Violence against civilians,Abduction/forced disappearance,2,0,119745.0,Political violence,3682.0,15.4201,44.1919
2025-10-04,Middle East,Yemen,Amanat al Asimah,Violence against civilians,Abduction/forced disappearance,4,0,119745.0,Political violence,3682.0,15.4201,44.1919
2025-10-11,Middle East,Yemen,Amanat al Asimah,Violence against civilians,Abduction/forced disappearance,3,0,95489.0,Political violence,3682.0,15.4201,44.1919
2025-10-18,Middle East,Yemen,Amanat al Asimah,Violence against civilians,Abduction/forced disappearance,5,0,293498.0,Political violence,3682.0,15.4201,44.1919
2025-10-25,Middle East,Yemen,Amanat al Asimah,Violence against civilians,Abduction/forced disappearance,3,0,123902.0,Political violence,3682.0,15.4201,44.1919
2025-11-08,Middle East,Yemen,Amanat al Asimah,Violence against civilians,Abduction/forced disappearance,1,0,60072.0,Political violence,3682.0,15.4201,44.1919
2025-11-15,Middle East,Yemen,Amanat al Asimah,Violence against civilians,Abduction/forced disappearance,1,0,55457.0,Political violence,3682.0,15.4201,44.1919
2025-11-22,Middle East,Yemen,Amanat al Asimah,Violence against civilians,Abduction/forced disappearance,4,0,60072.0,Political violence,3682.0,15.4201,44.1919
2025-12-13,Middle East,Yemen,Amanat al Asimah,Violence against civilians,Abduction/forced disappearance,4,0,100910.0,Political violence,3682.0,15.4201,44.1919
2026-01-10,Middle East,Yemen,Amanat al Asimah,Violence against civilians,Abduction/forced disappearance,1,0,61697.0,Political violence,3682.0,15.4201,44.1919
2026-01-17,Middle East,Yemen,Amanat al Asimah,Violence against civilians,Abduction/forced disappearance,1,0,61697.0,Political violence,3682.0,15.4201,44.1919
2026-01-24,Middle East,Yemen,Amanat al Asimah,Violence against civilians,Abduction/forced disappearance,1,0,61697.0,Political violence,3682.0,15.4201,44.1919
2026-01-31,Middle East,Yemen,Amanat al Asimah,Violence against civilians,Abduction/forced disappearance,2,0,61697.0,Political violence,3682.0,15.4201,44.1919
2026-02-14,Middle East,Yemen,Amanat al Asimah,Violence against civilians,Abduction/forced disappearance,3,0,93331.0,Political violence,3682.0,15.4201,44.1919
2026-02-21,Middle East,Yemen,Amanat al Asimah,Violence against civilians,Abduction/forced disappearance,1,0,31634.0,Political violence,3682.0,15.4201,44.1919
2026-02-28,Middle East,Yemen,Amanat al Asimah,Violence against civilians,Abduction/forced disappearance,2,0,142564.0,Political violence,3682.0,15.4201,44.1919
2026-03-14,Middle East,Yemen,Amanat al Asimah,Violence against civilians,Abduction/forced disappearance,2,0,61697.0,Political violence,3682.0,15.4201,44.1919
2026-03-21,Middle East,Yemen,Amanat al Asimah,Violence against civilians,Abduction/forced disappearance,1,0,61697.0,Political violence,3682.0,15.4201,44.1919
2026-04-04,Middle East,Yemen,Amanat al Asimah,Violence against civilians,Abduction/forced disappearance,1,0,,Political violence,3682.0,15.4201,44.1919
2026-04-11,Middle East,Yemen,Amanat al Asimah,Violence against civilians,Abduction/forced disappearance,1,0,,Political violence,3682.0,15.4201,44.1919
2023-10-21,Middle East,Yemen,Amanat al Asimah,Violence against civilians,Attack,2,2,24036.0,Political violence,3682.0,15.4201,44.1919
2023-11-04,Middle East,Yemen,Amanat al Asimah,Violence against civilians,Attack,1,1,47450.0,Political violence,3682.0,15.4201,44.1919
2023-11-11,Middle East,Yemen,Amanat al Asimah,Violence against civilians,Attack,2,1,183288.0,Political violence,3682.0,15.4201,44.1919
2023-11-25,Middle East,Yemen,Amanat al Asimah,Violence against civilians,Attack,2,2,24036.0,Political violence,3682.0,15.4201,44.1919
2023-12-16,Middle East,Yemen,Amanat al Asimah,Violence against civilians,Attack,1,1,35659.0,Political violence,3682.0,15.4201,44.1919
2023-12-30,Middle East,Yemen,Amanat al Asimah,Violence against civilians,Attack,1,0,26670.0,Political violence,3682.0,15.4201,44.1919
2024-01-13,Middle East,Yemen,Amanat al Asimah,Violence against civilians,Attack,1,1,101961.0,Political violence,3682.0,15.4201,44.1919
2024-01-27,Middle East,Yemen,Amanat al Asimah,Violence against civilians,Attack,1,1,26670.0,Political violence,3682.0,15.4201,44.1919
2024-02-10,Middle East,Yemen,Amanat al Asimah,Violence against civilians,Attack,1,0,26670.0,Political violence,3682.0,15.4201,44.1919
2024-03-16,Middle East,Yemen,Amanat al Asimah,Violence against civilians,Attack,1,2,877938.0,Political violence,3682.0,15.4201,44.1919
2024-03-23,Middle East,Yemen,Amanat al Asimah,Violence against civilians,Attack,1,1,475269.0,Political violence,3682.0,15.4201,44.1919
2024-03-30,Middle East,Yemen,Amanat al Asimah,Violence against civilians,Attack,1,1,188937.0,Political violence,3682.0,15.4201,44.1919
2024-04-27,Middle East,Yemen,Amanat al Asimah,Violence against civilians,Attack,1,1,99366.0,Political violence,3682.0,15.4201,44.1919
2024-05-04,Middle East,Yemen,Amanat al Asimah,Violence against civilians,Attack,1,1,55728.0,Political violence,3682.0,15.4201,44.1919
2024-05-11,Middle East,Yemen,Amanat al Asimah,Violence against civilians,Attack,1,1,188937.0,Political violence,3682.0,15.4201,44.1919
2024-05-25,Middle East,Yemen,Amanat al Asimah,Violence against civilians,Attack,1,1,48025.0,Political violence,3682.0,15.4201,44.1919
2024-06-08,Middle East,Yemen,Amanat al Asimah,Violence against civilians,Attack,1,1,48025.0,Political violence,3682.0,15.4201,44.1919
2024-06-15,Middle East,Yemen,Amanat al Asimah,Violence against civilians,Attack,2,0,48025.0,Political violence,3682.0,15.4201,44.1919
2024-06-29,Middle East,Yemen,Amanat al Asimah,Violence against civilians,Attack,3,2,48025.0,Political violence,3682.0,15.4201,44.1919
2024-07-06,Middle East,Yemen,Amanat al Asimah,Violence against civilians,Attack,2,4,89758.0,Political violence,3682.0,15.4201,44.1919
2024-07-13,Middle East,Yemen,Amanat al Asimah,Violence against civilians,Attack,3,3,108459.0,Political violence,3682.0,15.4201,44.1919
2024-08-10,Middle East,Yemen,Amanat al Asimah,Violence against civilians,Attack,2,2,115442.0,Political violence,3682.0,15.4201,44.1919
2024-08-17,Middle East,Yemen,Amanat al Asimah,Violence against civilians,Attack,1,0,189693.0,Political violence,3682.0,15.4201,44.1919
2024-08-31,Middle East,Yemen,Amanat al Asimah,Violence against civilians,Attack,1,1,76286.0,Political violence,3682.0,15.4201,44.1919
2024-09-07,Middle East,Yemen,Amanat al Asimah,Violence against civilians,Attack,1,1,48025.0,Political violence,3682.0,15.4201,44.1919
2024-09-14,Middle East,Yemen,Amanat al Asimah,Violence against civilians,Attack,2,3,48025.0,Political violence,3682.0,15.4201,44.1919
2024-09-21,Middle East,Yemen,Amanat al Asimah,Violence against civilians,Attack,1,0,48025.0,Political violence,3682.0,15.4201,44.1919
2024-09-28,Middle East,Yemen,Amanat al Asimah,Violence against civilians,Attack,1,0,48025.0,Political violence,3682.0,15.4201,44.1919
2024-10-05,Middle East,Yemen,Amanat al Asimah,Violence against civilians,Attack,1,0,48025.0,Political violence,3682.0,15.4201,44.1919
2024-10-12,Middle East,Yemen,Amanat al Asimah,Violence against civilians,Attack,1,1,85073.0,Political violence,3682.0,15.4201,44.1919
2024-10-19,Middle East,Yemen,Amanat al Asimah,Violence against civilians,Attack,5,3,116500.0,Political violence,3682.0,15.4201,44.1919
2024-10-26,Middle East,Yemen,Amanat al Asimah,Violence against civilians,Attack,2,8,123963.0,Political violence,3682.0,15.4201,44.1919
2024-11-09,Middle East,Yemen,Amanat al Asimah,Violence against civilians,Attack,3,2,123963.0,Political violence,3682.0,15.4201,44.1919
2024-11-16,Middle East,Yemen,Amanat al Asimah,Violence against civilians,Attack,2,0,127187.0,Political violence,3682.0,15.4201,44.1919
2024-11-23,Middle East,Yemen,Amanat al Asimah,Violence against civilians,Attack,2,1,95524.0,Political violence,3682.0,15.4201,44.1919
2024-12-07,Middle East,Yemen,Amanat al Asimah,Violence against civilians,Attack,1,1,46139.0,Political violence,3682.0,15.4201,44.1919
2024-12-21,Middle East,Yemen,Amanat al Asimah,Violence against civilians,Attack,2,0,76692.0,Political violence,3682.0,15.4201,44.1919
2024-12-28,Middle East,Yemen,Amanat al Asimah,Violence against civilians,Attack,1,1,47462.0,Political violence,3682.0,15.4201,44.1919
2025-01-04,Middle East,Yemen,Amanat al Asimah,Violence against civilians,Attack,1,0,123184.0,Political violence,3682.0,15.4201,44.1919
2025-01-11,Middle East,Yemen,Amanat al Asimah,Violence against civilians,Attack,3,2,73351.0,Political violence,3682.0,15.4201,44.1919
2025-02-01,Middle East,Yemen,Amanat al Asimah,Violence against civilians,Attack,1,1,78252.0,Political violence,3682.0,15.4201,44.1919
2025-02-22,Middle East,Yemen,Amanat al Asimah,Violence against civilians,Attack,1,0,54935.0,Political violence,3682.0,15.4201,44.1919
2025-04-05,Middle East,Yemen,Amanat al Asimah,Violence against civilians,Attack,2,2,73493.0,Political violence,3682.0,15.4201,44.1919
2025-05-10,Middle East,Yemen,Amanat al Asimah,Violence against civilians,Attack,1,0,44908.0,Political violence,3682.0,15.4201,44.1919
2025-05-24,Middle East,Yemen,Amanat al Asimah,Violence against civilians,Attack,1,1,44908.0,Political violence,3682.0,15.4201,44.1919
2025-07-12,Middle East,Yemen,Amanat al Asimah,Violence against civilians,Attack,1,0,119480.0,Political violence,3682.0,15.4201,44.1919
2025-07-19,Middle East,Yemen,Amanat al Asimah,Violence against civilians,Attack,1,0,31817.0,Political violence,3682.0,15.4201,44.1919
2025-08-16,Middle East,Yemen,Amanat al Asimah,Violence against civilians,Attack,1,0,123856.0,Political violence,3682.0,15.4201,44.1919
2025-10-04,Middle East,Yemen,Amanat al Asimah,Violence against civilians,Attack,2,2,78683.0,Political violence,3682.0,15.4201,44.1919
2025-10-25,Middle East,Yemen,Amanat al Asimah,Violence against civilians,Attack,1,0,60072.0,Political violence,3682.0,15.4201,44.1919
2025-11-08,Middle East,Yemen,Amanat al Asimah,Violence against civilians,Attack,1,1,60072.0,Political violence,3682.0,15.4201,44.1919
2025-11-22,Middle East,Yemen,Amanat al Asimah,Violence against civilians,Attack,1,1,60072.0,Political violence,3682.0,15.4201,44.1919
2025-12-13,Middle East,Yemen,Amanat al Asimah,Violence against civilians,Attack,2,1,142760.0,Political violence,3682.0,15.4201,44.1919
2026-01-17,Middle East,Yemen,Amanat al Asimah,Violence against civilians,Attack,1,1,61697.0,Political violence,3682.0,15.4201,44.1919
2026-02-07,Middle East,Yemen,Amanat al Asimah,Violence against civilians,Attack,1,0,10934.0,Political violence,3682.0,15.4201,44.1919
2026-03-14,Middle East,Yemen,Amanat al Asimah,Violence against civilians,Attack,1,1,,Political violence,3682.0,15.4201,44.1919
2026-03-28,Middle East,Yemen,Amanat al Asimah,Violence against civilians,Attack,1,1,,Political violence,3682.0,15.4201,44.1919
2024-01-20,Middle East,Yemen,Amran,Battles,Armed clash,1,1,33401.0,Political violence,3683.0,16.1156,43.9414
2024-01-27,Middle East,Yemen,Amran,Battles,Armed clash,1,1,31981.0,Political violence,3683.0,16.1156,43.9414
2024-02-03,Middle East,Yemen,Amran,Battles,Armed clash,1,1,4077.0,Political violence,3683.0,16.1156,43.9414
2024-04-27,Middle East,Yemen,Amran,Battles,Armed clash,1,2,29523.0,Political violence,3683.0,16.1156,43.9414
2024-05-04,Middle East,Yemen,Amran,Battles,Armed clash,2,2,172.0,Political violence,3683.0,16.1156,43.9414
2024-05-18,Middle East,Yemen,Amran,Battles,Armed clash,1,3,27938.0,Political violence,3683.0,16.1156,43.9414
2024-06-08,Middle East,Yemen,Amran,Battles,Armed clash,1,1,11964.0,Political violence,3683.0,16.1156,43.9414
2024-07-13,Middle East,Yemen,Amran,Battles,Armed clash,1,6,7.0,Political violence,3683.0,16.1156,43.9414
2024-09-21,Middle East,Yemen,Amran,Battles,Armed clash,1,0,29523.0,Political violence,3683.0,16.1156,43.9414
2024-12-21,Middle East,Yemen,Amran,Battles,Armed clash,1,2,1986.0,Political violence,3683.0,16.1156,43.9414
2024-12-28,Middle East,Yemen,Amran,Battles,Armed clash,1,3,29523.0,Political violence,3683.0,16.1156,43.9414
2025-03-08,Middle East,Yemen,Amran,Battles,Armed clash,3,2,150994.0,Political violence,3683.0,16.1156,43.9414
2025-03-15,Middle East,Yemen,Amran,Battles,Armed clash,1,1,3336.0,Political violence,3683.0,16.1156,43.9414
2025-03-29,Middle East,Yemen,Amran,Battles,Armed clash,1,2,27926.0,Political violence,3683.0,16.1156,43.9414
2025-04-05,Middle East,Yemen,Amran,Battles,Armed clash,1,0,27831.0,Political violence,3683.0,16.1156,43.9414
2025-05-10,Middle East,Yemen,Amran,Battles,Armed clash,1,2,27831.0,Political violence,3683.0,16.1156,43.9414
2025-05-31,Middle East,Yemen,Amran,Battles,Armed clash,2,1,45240.0,Political violence,3683.0,16.1156,43.9414
2025-06-21,Middle East,Yemen,Amran,Battles,Armed clash,1,0,19063.0,Political violence,3683.0,16.1156,43.9414
2025-08-09,Middle East,Yemen,Amran,Battles,Armed clash,5,8,87086.0,Political violence,3683.0,16.1156,43.9414
2025-08-23,Middle East,Yemen,Amran,Battles,Armed clash,1,3,8.0,Political violence,3683.0,16.1156,43.9414
2025-08-30,Middle East,Yemen,Amran,Battles,Armed clash,1,1,4904.0,Political violence,3683.0,16.1156,43.9414
2025-09-06,Middle East,Yemen,Amran,Battles,Armed clash,1,2,3336.0,Political violence,3683.0,16.1156,43.9414
2025-11-15,Middle East,Yemen,Amran,Battles,Armed clash,1,0,27926.0,Political violence,3683.0,16.1156,43.9414
2025-12-13,Middle East,Yemen,Amran,Battles,Armed clash,4,0,113145.0,Political violence,3683.0,16.1156,43.9414
2026-01-03,Middle East,Yemen,Amran,Battles,Armed clash,1,3,4816.0,Political violence,3683.0,16.1156,43.9414
2026-01-17,Middle East,Yemen,Amran,Battles,Armed clash,1,3,180.0,Political violence,3683.0,16.1156,43.9414
2026-01-24,Middle East,Yemen,Amran,Battles,Armed clash,4,5,180.0,Political violence,3683.0,16.1156,43.9414
2026-01-31,Middle East,Yemen,Amran,Battles,Armed clash,2,1,53885.0,Political violence,3683.0,16.1156,43.9414
2026-03-07,Middle East,Yemen,Amran,Battles,Armed clash,2,10,1533.0,Political violence,3683.0,16.1156,43.9414
2026-04-11,Middle East,Yemen,Amran,Battles,Armed clash,1,1,,Political violence,3683.0,16.1156,43.9414
2024-11-09,Middle East,Yemen,Amran,Explosions/Remote violence,Air/drone strike,3,0,27938.0,Political violence,3683.0,16.1156,43.9414
2025-01-04,Middle East,Yemen,Amran,Explosions/Remote violence,Air/drone strike,3,0,28684.0,Political violence,3683.0,16.1156,43.9414
2025-01-11,Middle East,Yemen,Amran,Explosions/Remote violence,Air/drone strike,1,0,28684.0,Political violence,3683.0,16.1156,43.9414
2025-03-22,Middle East,Yemen,Amran,Explosions/Remote violence,Air/drone strike,7,0,39810.0,Political violence,3683.0,16.1156,43.9414
2025-04-05,Middle East,Yemen,Amran,Explosions/Remote violence,Air/drone strike,1,0,12155.0,Political violence,3683.0,16.1156,43.9414
2025-04-12,Middle East,Yemen,Amran,Explosions/Remote violence,Air/drone strike,1,0,27831.0,Political violence,3683.0,16.1156,43.9414
2025-04-19,Middle East,Yemen,Amran,Explosions/Remote violence,Air/drone strike,3,0,27831.0,Political violence,3683.0,16.1156,43.9414
2025-04-26,Middle East,Yemen,Amran,Explosions/Remote violence,Air/drone strike,3,0,156003.0,Political violence,3683.0,16.1156,43.9414
2025-05-03,Middle East,Yemen,Amran,Explosions/Remote violence,Air/drone strike,2,0,77359.0,Political violence,3683.0,16.1156,43.9414
2025-08-23,Middle East,Yemen,Amran,Explosions/Remote violence,Air/drone strike,1,0,75550.0,Political violence,3683.0,16.1156,43.9414
2024-07-20,Middle East,Yemen,Amran,Explosions/Remote violence,Shelling/artillery/missile attack,1,0,,Political violence,3683.0,16.1156,43.9414
2024-09-14,Middle East,Yemen,Amran,Explosions/Remote violence,Shelling/artillery/missile attack,2,3,83246.0,Political violence,3683.0,16.1156,43.9414
2025-04-05,Middle East,Yemen,Amran,Explosions/Remote violence,Shelling/artillery/missile attack,1,0,16794.0,Political violence,3683.0,16.1156,43.9414
2025-08-09,Middle East,Yemen,Amran,Explosions/Remote violence,Shelling/artillery/missile attack,1,5,6.0,Political violence,3683.0,16.1156,43.9414
2026-01-17,Middle East,Yemen,Amran,Explosions/Remote violence,Shelling/artillery/missile attack,1,0,180.0,Political violence,3683.0,16.1156,43.9414
2023-10-07,Middle East,Yemen,Amran,Violence against civilians,Abduction/forced disappearance,1,0,48531.0,Political violence,3683.0,16.1156,43.9414
2023-12-16,Middle East,Yemen,Amran,Violence against civilians,Abduction/forced disappearance,1,0,291.0,Political violence,3683.0,16.1156,43.9414
2023-12-23,Middle East,Yemen,Amran,Violence against civilians,Abduction/forced disappearance,1,0,,Political violence,3683.0,16.1156,43.9414
2024-04-27,Middle East,Yemen,Amran,Violence against civilians,Abduction/forced disappearance,2,0,80479.0,Political violence,3683.0,16.1156,43.9414
2024-05-18,Middle East,Yemen,Amran,Violence against civilians,Abduction/forced disappearance,1,0,50171.0,Political violence,3683.0,16.1156,43.9414
2024-06-01,Middle East,Yemen,Amran,Violence against civilians,Abduction/forced disappearance,1,0,80479.0,Political violence,3683.0,16.1156,43.9414
2024-06-15,Middle East,Yemen,Amran,Violence against civilians,Abduction/forced disappearance,1,0,80479.0,Political violence,3683.0,16.1156,43.9414
2024-07-06,Middle East,Yemen,Amran,Violence against civilians,Abduction/forced disappearance,3,0,87240.0,Political violence,3683.0,16.1156,43.9414
2024-07-13,Middle East,Yemen,Amran,Violence against civilians,Abduction/forced disappearance,1,0,80479.0,Political violence,3683.0,16.1156,43.9414
2024-08-17,Middle East,Yemen,Amran,Violence against civilians,Abduction/forced disappearance,1,0,80479.0,Political violence,3683.0,16.1156,43.9414
2024-09-21,Middle East,Yemen,Amran,Violence against civilians,Abduction/forced disappearance,12,0,210658.0,Political violence,3683.0,16.1156,43.9414
2024-11-30,Middle East,Yemen,Amran,Violence against civilians,Abduction/forced disappearance,1,0,25848.0,Political violence,3683.0,16.1156,43.9414
2025-01-04,Middle East,Yemen,Amran,Violence against civilians,Abduction/forced disappearance,1,0,51815.0,Political violence,3683.0,16.1156,43.9414
2025-01-11,Middle East,Yemen,Amran,Violence against civilians,Abduction/forced disappearance,1,0,82929.0,Political violence,3683.0,16.1156,43.9414
2025-02-15,Middle East,Yemen,Amran,Violence against civilians,Abduction/forced disappearance,1,0,82929.0,Political violence,3683.0,16.1156,43.9414
2025-03-01,Middle East,Yemen,Amran,Violence against civilians,Abduction/forced disappearance,2,0,87147.0,Political violence,3683.0,16.1156,43.9414
2025-03-08,Middle East,Yemen,Amran,Violence against civilians,Abduction/forced disappearance,1,0,26834.0,Political violence,3683.0,16.1156,43.9414
2025-05-17,Middle East,Yemen,Amran,Violence against civilians,Abduction/forced disappearance,1,0,51815.0,Political violence,3683.0,16.1156,43.9414
2025-05-24,Middle East,Yemen,Amran,Violence against civilians,Abduction/forced disappearance,1,0,82929.0,Political violence,3683.0,16.1156,43.9414
2025-06-07,Middle East,Yemen,Amran,Violence against civilians,Abduction/forced disappearance,1,0,26834.0,Political violence,3683.0,16.1156,43.9414
2025-06-14,Middle East,Yemen,Amran,Violence against civilians,Abduction/forced disappearance,1,0,82929.0,Political violence,3683.0,16.1156,43.9414
2025-07-05,Middle East,Yemen,Amran,Violence against civilians,Abduction/forced disappearance,3,0,60287.0,Political violence,3683.0,16.1156,43.9414
2025-07-26,Middle East,Yemen,Amran,Violence against civilians,Abduction/forced disappearance,1,0,64508.0,Political violence,3683.0,16.1156,43.9414
2025-08-30,Middle East,Yemen,Amran,Violence against civilians,Abduction/forced disappearance,1,0,113.0,Political violence,3683.0,16.1156,43.9414
2025-09-06,Middle East,Yemen,Amran,Violence against civilians,Abduction/forced disappearance,1,0,50393.0,Political violence,3683.0,16.1156,43.9414
2025-09-13,Middle East,Yemen,Amran,Violence against civilians,Abduction/forced disappearance,1,0,64508.0,Political violence,3683.0,16.1156,43.9414
2025-09-20,Middle East,Yemen,Amran,Violence against civilians,Abduction/forced disappearance,2,0,50393.0,Political violence,3683.0,16.1156,43.9414
2025-09-27,Middle East,Yemen,Amran,Violence against civilians,Abduction/forced disappearance,1,0,5037.0,Political violence,3683.0,16.1156,43.9414
2025-10-11,Middle East,Yemen,Amran,Violence against civilians,Abduction/forced disappearance,2,0,52370.0,Political violence,3683.0,16.1156,43.9414
2026-01-31,Middle East,Yemen,Amran,Violence against civilians,Abduction/forced disappearance,1,0,27775.0,Political violence,3683.0,16.1156,43.9414
2026-02-07,Middle East,Yemen,Amran,Violence against civilians,Abduction/forced disappearance,1,0,2629.0,Political violence,3683.0,16.1156,43.9414
2026-04-18,Middle East,Yemen,Amran,Violence against civilians,Abduction/forced disappearance,1,0,,Political violence,3683.0,16.1156,43.9414
2023-11-18,Middle East,Yemen,Amran,Violence against civilians,Attack,2,1,54952.0,Political violence,3683.0,16.1156,43.9414
2024-01-27,Middle East,Yemen,Amran,Violence against civilians,Attack,1,1,6208.0,Political violence,3683.0,16.1156,43.9414
2024-02-17,Middle East,Yemen,Amran,Violence against civilians,Attack,1,1,28466.0,Political violence,3683.0,16.1156,43.9414
2024-02-24,Middle East,Yemen,Amran,Violence against civilians,Attack,1,1,28466.0,Political violence,3683.0,16.1156,43.9414
2024-04-06,Middle East,Yemen,Amran,Violence against civilians,Attack,1,1,26985.0,Political violence,3683.0,16.1156,43.9414
2024-06-22,Middle East,Yemen,Amran,Violence against civilians,Attack,1,0,80479.0,Political violence,3683.0,16.1156,43.9414
2024-07-06,Middle East,Yemen,Amran,Violence against civilians,Attack,1,1,27938.0,Political violence,3683.0,16.1156,43.9414
2024-07-20,Middle East,Yemen,Amran,Violence against civilians,Attack,1,1,29523.0,Political violence,3683.0,16.1156,43.9414
2024-08-17,Middle East,Yemen,Amran,Violence against civilians,Attack,1,1,119363.0,Political violence,3683.0,16.1156,43.9414
2024-10-26,Middle East,Yemen,Amran,Violence against civilians,Attack,1,1,119363.0,Political violence,3683.0,16.1156,43.9414
2025-01-25,Middle East,Yemen,Amran,Violence against civilians,Attack,1,1,21434.0,Political violence,3683.0,16.1156,43.9414
2025-02-01,Middle East,Yemen,Amran,Violence against civilians,Attack,2,3,26450.0,Political violence,3683.0,16.1156,43.9414
2025-03-08,Middle East,Yemen,Amran,Violence against civilians,Attack,2,2,101176.0,Political violence,3683.0,16.1156,43.9414
2025-03-15,Middle East,Yemen,Amran,Violence against civilians,Attack,1,0,557.0,Political violence,3683.0,16.1156,43.9414
2025-05-17,Middle East,Yemen,Amran,Violence against civilians,Attack,1,1,29895.0,Political violence,3683.0,16.1156,43.9414
2025-05-24,Middle East,Yemen,Amran,Violence against civilians,Attack,1,1,27926.0,Political violence,3683.0,16.1156,43.9414
2025-06-28,Middle East,Yemen,Amran,Violence against civilians,Attack,2,4,148133.0,Political violence,3683.0,16.1156,43.9414
2025-07-12,Middle East,Yemen,Amran,Violence against civilians,Attack,1,1,1494.0,Political violence,3683.0,16.1156,43.9414
2025-09-06,Middle East,Yemen,Amran,Violence against civilians,Attack,1,1,1494.0,Political violence,3683.0,16.1156,43.9414
2025-09-13,Middle East,Yemen,Amran,Violence against civilians,Attack,2,2,27831.0,Political violence,3683.0,16.1156,43.9414
2025-10-11,Middle East,Yemen,Amran,Violence against civilians,Attack,1,0,2543.0,Political violence,3683.0,16.1156,43.9414
2025-11-22,Middle East,Yemen,Amran,Violence against civilians,Attack,1,1,9627.0,Political violence,3683.0,16.1156,43.9414
2025-12-13,Middle East,Yemen,Amran,Violence against civilians,Attack,2,2,41373.0,Political violence,3683.0,16.1156,43.9414
2026-01-03,Middle East,Yemen,Amran,Violence against civilians,Attack,1,0,28313.0,Political violence,3683.0,16.1156,43.9414
2026-01-10,Middle East,Yemen,Amran,Violence against civilians,Attack,1,1,241.0,Political violence,3683.0,16.1156,43.9414
2026-01-17,Middle East,Yemen,Amran,Violence against civilians,Attack,1,1,21073.0,Political violence,3683.0,16.1156,43.9414
2026-01-24,Middle East,Yemen,Amran,Violence against civilians,Attack,1,1,,Political violence,3683.0,16.1156,43.9414
2026-02-07,Middle East,Yemen,Amran,Violence against civilians,Attack,2,1,34361.0,Political violence,3683.0,16.1156,43.9414
2026-03-21,Middle East,Yemen,Amran,Violence against civilians,Attack,1,1,,Political violence,3683.0,16.1156,43.9414
2026-03-28,Middle East,Yemen,Amran,Violence against civilians,Attack,2,3,77758.0,Political violence,3683.0,16.1156,43.9414
2026-04-04,Middle East,Yemen,Amran,Violence against civilians,Attack,1,1,,Political violence,3683.0,16.1156,43.9414
2026-04-18,Middle East,Yemen,Amran,Violence against civilians,Attack,1,1,77758.0,Political violence,3683.0,16.1156,43.9414
2024-04-20,Middle East,Yemen,Dhamar,Battles,Armed clash,1,3,11313.0,Political violence,3684.0,14.5395,44.3063
2024-06-15,Middle East,Yemen,Dhamar,Battles,Armed clash,1,0,4646.0,Political violence,3684.0,14.5395,44.3063
2024-07-06,Middle East,Yemen,Dhamar,Battles,Armed clash,1,0,18313.0,Political violence,3684.0,14.5395,44.3063
2024-07-20,Middle East,Yemen,Dhamar,Battles,Armed clash,2,0,108045.0,Political violence,3684.0,14.5395,44.3063
2024-07-27,Middle East,Yemen,Dhamar,Battles,Armed clash,2,3,9306.0,Political violence,3684.0,14.5395,44.3063
2024-08-10,Middle East,Yemen,Dhamar,Battles,Armed clash,2,0,23003.0,Political violence,3684.0,14.5395,44.3063
2024-09-21,Middle East,Yemen,Dhamar,Battles,Armed clash,1,0,6038.0,Political violence,3684.0,14.5395,44.3063
2025-01-18,Middle East,Yemen,Dhamar,Battles,Armed clash,1,3,121960.0,Political violence,3684.0,14.5395,44.3063
2025-01-25,Middle East,Yemen,Dhamar,Battles,Armed clash,1,0,22817.0,Political violence,3684.0,14.5395,44.3063
2025-02-08,Middle East,Yemen,Dhamar,Battles,Armed clash,2,0,28189.0,Political violence,3684.0,14.5395,44.3063
2025-03-08,Middle East,Yemen,Dhamar,Battles,Armed clash,1,0,24315.0,Political violence,3684.0,14.5395,44.3063
2025-04-05,Middle East,Yemen,Dhamar,Battles,Armed clash,1,0,26176.0,Political violence,3684.0,14.5395,44.3063
2025-05-10,Middle East,Yemen,Dhamar,Battles,Armed clash,1,3,26176.0,Political violence,3684.0,14.5395,44.3063
2025-05-31,Middle East,Yemen,Dhamar,Battles,Armed clash,1,0,45841.0,Political violence,3684.0,14.5395,44.3063
2025-06-21,Middle East,Yemen,Dhamar,Battles,Armed clash,2,2,47394.0,Political violence,3684.0,14.5395,44.3063
2025-07-12,Middle East,Yemen,Dhamar,Battles,Armed clash,1,0,3648.0,Political violence,3684.0,14.5395,44.3063
2025-07-26,Middle East,Yemen,Dhamar,Battles,Armed clash,1,1,16713.0,Political violence,3684.0,14.5395,44.3063
2025-08-02,Middle East,Yemen,Dhamar,Battles,Armed clash,1,0,4682.0,Political violence,3684.0,14.5395,44.3063
2025-12-20,Middle East,Yemen,Dhamar,Battles,Armed clash,1,2,31480.0,Political violence,3684.0,14.5395,44.3063
2025-12-27,Middle East,Yemen,Dhamar,Battles,Armed clash,2,0,41127.0,Political violence,3684.0,14.5395,44.3063
2026-01-31,Middle East,Yemen,Dhamar,Battles,Armed clash,1,1,8060.0,Political violence,3684.0,14.5395,44.3063
2026-04-04,Middle East,Yemen,Dhamar,Battles,Armed clash,1,2,,Political violence,3684.0,14.5395,44.3063
2024-09-28,Middle East,Yemen,Dhamar,Explosions/Remote violence,Air/drone strike,1,0,109589.0,Political violence,3684.0,14.5395,44.3063
2025-03-15,Middle East,Yemen,Dhamar,Explosions/Remote violence,Air/drone strike,2,0,174792.0,Political violence,3684.0,14.5395,44.3063
2025-04-05,Middle East,Yemen,Dhamar,Explosions/Remote violence,Air/drone strike,1,1,16568.0,Political violence,3684.0,14.5395,44.3063
2025-04-12,Middle East,Yemen,Dhamar,Explosions/Remote violence,Air/drone strike,1,0,16002.0,Political violence,3684.0,14.5395,44.3063
2023-12-23,Middle East,Yemen,Dhamar,Violence against civilians,Abduction/forced disappearance,1,0,2629.0,Political violence,3684.0,14.5395,44.3063
2024-06-01,Middle East,Yemen,Dhamar,Violence against civilians,Abduction/forced disappearance,1,0,17741.0,Political violence,3684.0,14.5395,44.3063
2024-06-08,Middle East,Yemen,Dhamar,Violence against civilians,Abduction/forced disappearance,1,0,181038.0,Political violence,3684.0,14.5395,44.3063
2024-06-15,Middle East,Yemen,Dhamar,Violence against civilians,Abduction/forced disappearance,1,0,782.0,Political violence,3684.0,14.5395,44.3063
2024-06-29,Middle East,Yemen,Dhamar,Violence against civilians,Abduction/forced disappearance,1,0,109589.0,Political violence,3684.0,14.5395,44.3063
2024-07-27,Middle East,Yemen,Dhamar,Violence against civilians,Abduction/forced disappearance,1,0,1764.0,Political violence,3684.0,14.5395,44.3063
2024-09-14,Middle East,Yemen,Dhamar,Violence against civilians,Abduction/forced disappearance,2,0,109611.0,Political violence,3684.0,14.5395,44.3063
2024-09-21,Middle East,Yemen,Dhamar,Violence against civilians,Abduction/forced disappearance,16,0,247265.0,Political violence,3684.0,14.5395,44.3063
2024-10-05,Middle East,Yemen,Dhamar,Violence against civilians,Abduction/forced disappearance,2,0,173193.0,Political violence,3684.0,14.5395,44.3063
2024-11-16,Middle East,Yemen,Dhamar,Violence against civilians,Abduction/forced disappearance,1,0,16456.0,Political violence,3684.0,14.5395,44.3063
2025-01-04,Middle East,Yemen,Dhamar,Violence against civilians,Abduction/forced disappearance,1,0,16806.0,Political violence,3684.0,14.5395,44.3063
2025-02-01,Middle East,Yemen,Dhamar,Violence against civilians,Abduction/forced disappearance,2,0,27300.0,Political violence,3684.0,14.5395,44.3063
2025-03-01,Middle East,Yemen,Dhamar,Violence against civilians,Abduction/forced disappearance,1,0,112692.0,Political violence,3684.0,14.5395,44.3063
2025-03-08,Middle East,Yemen,Dhamar,Violence against civilians,Abduction/forced disappearance,1,0,2630.0,Political violence,3684.0,14.5395,44.3063
2025-04-12,Middle East,Yemen,Dhamar,Violence against civilians,Abduction/forced disappearance,1,0,112692.0,Political violence,3684.0,14.5395,44.3063
2025-04-19,Middle East,Yemen,Dhamar,Violence against civilians,Abduction/forced disappearance,1,0,112692.0,Political violence,3684.0,14.5395,44.3063
2025-04-26,Middle East,Yemen,Dhamar,Violence against civilians,Abduction/forced disappearance,1,0,112692.0,Political violence,3684.0,14.5395,44.3063
2025-05-10,Middle East,Yemen,Dhamar,Violence against civilians,Abduction/forced disappearance,1,0,112692.0,Political violence,3684.0,14.5395,44.3063
2025-05-17,Middle East,Yemen,Dhamar,Violence against civilians,Abduction/forced disappearance,1,0,112692.0,Political violence,3684.0,14.5395,44.3063
2025-07-26,Middle East,Yemen,Dhamar,Violence against civilians,Abduction/forced disappearance,1,0,68522.0,Political violence,3684.0,14.5395,44.3063
2025-08-09,Middle East,Yemen,Dhamar,Violence against civilians,Abduction/forced disappearance,2,0,241098.0,Political violence,3684.0,14.5395,44.3063
2025-08-16,Middle East,Yemen,Dhamar,Violence against civilians,Abduction/forced disappearance,1,0,6682.0,Political violence,3684.0,14.5395,44.3063
2025-08-23,Middle East,Yemen,Dhamar,Violence against civilians,Abduction/forced disappearance,1,0,7461.0,Political violence,3684.0,14.5395,44.3063
2025-08-30,Middle East,Yemen,Dhamar,Violence against civilians,Abduction/forced disappearance,1,0,175317.0,Political violence,3684.0,14.5395,44.3063
2025-09-20,Middle East,Yemen,Dhamar,Violence against civilians,Abduction/forced disappearance,1,0,175317.0,Political violence,3684.0,14.5395,44.3063
2025-09-27,Middle East,Yemen,Dhamar,Violence against civilians,Abduction/forced disappearance,2,0,23036.0,Political violence,3684.0,14.5395,44.3063
2025-10-25,Middle East,Yemen,Dhamar,Violence against civilians,Abduction/forced disappearance,7,0,252193.0,Political violence,3684.0,14.5395,44.3063
2025-11-01,Middle East,Yemen,Dhamar,Violence against civilians,Abduction/forced disappearance,1,0,126424.0,Political violence,3684.0,14.5395,44.3063
2025-11-08,Middle East,Yemen,Dhamar,Violence against civilians,Abduction/forced disappearance,4,0,201341.0,Political violence,3684.0,14.5395,44.3063
2026-01-10,Middle East,Yemen,Dhamar,Violence against civilians,Abduction/forced disappearance,1,0,977.0,Political violence,3684.0,14.5395,44.3063
2026-01-17,Middle East,Yemen,Dhamar,Violence against civilians,Abduction/forced disappearance,1,0,3520.0,Political violence,3684.0,14.5395,44.3063
2026-02-07,Middle East,Yemen,Dhamar,Violence against civilians,Abduction/forced disappearance,1,0,2830.0,Political violence,3684.0,14.5395,44.3063
2026-04-04,Middle East,Yemen,Dhamar,Violence against civilians,Abduction/forced disappearance,2,0,129879.0,Political violence,3684.0,14.5395,44.3063
2023-11-18,Middle East,Yemen,Dhamar,Violence against civilians,Attack,1,0,3933.0,Political violence,3684.0,14.5395,44.3063
2023-12-23,Middle East,Yemen,Dhamar,Violence against civilians,Attack,1,0,175891.0,Political violence,3684.0,14.5395,44.3063
2024-02-17,Middle East,Yemen,Dhamar,Violence against civilians,Attack,1,1,236146.0,Political violence,3684.0,14.5395,44.3063
2024-03-23,Middle East,Yemen,Dhamar,Violence against civilians,Attack,1,1,327447.0,Political violence,3684.0,14.5395,44.3063
2024-05-18,Middle East,Yemen,Dhamar,Violence against civilians,Attack,1,1,236146.0,Political violence,3684.0,14.5395,44.3063
2024-06-15,Middle East,Yemen,Dhamar,Violence against civilians,Attack,1,1,2339.0,Political violence,3684.0,14.5395,44.3063
2024-07-27,Middle East,Yemen,Dhamar,Violence against civilians,Attack,1,1,109589.0,Political violence,3684.0,14.5395,44.3063
2024-08-10,Middle East,Yemen,Dhamar,Violence against civilians,Attack,1,0,2534.0,Political violence,3684.0,14.5395,44.3063
2025-03-01,Middle East,Yemen,Dhamar,Violence against civilians,Attack,2,0,112692.0,Political violence,3684.0,14.5395,44.3063
2025-05-10,Middle East,Yemen,Dhamar,Violence against civilians,Attack,1,1,26176.0,Political violence,3684.0,14.5395,44.3063
2025-05-17,Middle East,Yemen,Dhamar,Violence against civilians,Attack,1,0,112692.0,Political violence,3684.0,14.5395,44.3063
2025-06-14,Middle East,Yemen,Dhamar,Violence against civilians,Attack,1,1,22478.0,Political violence,3684.0,14.5395,44.3063
2025-06-28,Middle East,Yemen,Dhamar,Violence against civilians,Attack,1,1,4879.0,Political violence,3684.0,14.5395,44.3063
2025-07-12,Middle East,Yemen,Dhamar,Violence against civilians,Attack,1,1,26467.0,Political violence,3684.0,14.5395,44.3063
2025-08-23,Middle East,Yemen,Dhamar,Violence against civilians,Attack,1,1,50863.0,Political violence,3684.0,14.5395,44.3063
2025-09-13,Middle East,Yemen,Dhamar,Violence against civilians,Attack,1,1,27674.0,Political violence,3684.0,14.5395,44.3063
2025-11-01,Middle East,Yemen,Dhamar,Violence against civilians,Attack,1,0,1420.0,Political violence,3684.0,14.5395,44.3063
2025-11-22,Middle East,Yemen,Dhamar,Violence against civilians,Attack,1,1,10352.0,Political violence,3684.0,14.5395,44.3063
2025-12-27,Middle East,Yemen,Dhamar,Violence against civilians,Attack,1,1,31480.0,Political violence,3684.0,14.5395,44.3063
2026-01-03,Middle East,Yemen,Dhamar,Violence against civilians,Attack,1,0,800.0,Political violence,3684.0,14.5395,44.3063
2026-04-11,Middle East,Yemen,Dhamar,Violence against civilians,Attack,2,1,129879.0,Political violence,3684.0,14.5395,44.3063
2024-03-16,Middle East,Yemen,Gulf of Aden,Battles,Armed clash,1,0,,Political violence,4180.0,12.4081,48.278
2024-01-13,Middle East,Yemen,Gulf of Aden,Explosions/Remote violence,Air/drone strike,1,0,,Political violence,4180.0,12.4081,48.278
2024-05-04,Middle East,Yemen,Gulf of Aden,Explosions/Remote violence,Air/drone strike,1,0,,Political violence,4180.0,12.4081,48.278
2024-07-06,Middle East,Yemen,Gulf of Aden,Explosions/Remote violence,Air/drone strike,1,0,,Political violence,4180.0,12.4081,48.278
2024-08-17,Middle East,Yemen,Gulf of Aden,Explosions/Remote violence,Air/drone strike,1,0,,Political violence,4180.0,12.4081,48.278
2023-11-25,Middle East,Yemen,Gulf of Aden,Explosions/Remote violence,Shelling/artillery/missile attack,1,0,,Political violence,4180.0,12.4081,48.278
2024-01-06,Middle East,Yemen,Gulf of Aden,Explosions/Remote violence,Shelling/artillery/missile attack,2,0,,Political violence,4180.0,12.4081,48.278
2024-01-13,Middle East,Yemen,Gulf of Aden,Explosions/Remote violence,Shelling/artillery/missile attack,3,0,,Political violence,4180.0,12.4081,48.278
2024-01-20,Middle East,Yemen,Gulf of Aden,Explosions/Remote violence,Shelling/artillery/missile attack,2,0,,Political violence,4180.0,12.4081,48.278
2024-01-27,Middle East,Yemen,Gulf of Aden,Explosions/Remote violence,Shelling/artillery/missile attack,1,0,,Political violence,4180.0,12.4081,48.278
2024-02-03,Middle East,Yemen,Gulf of Aden,Explosions/Remote violence,Shelling/artillery/missile attack,1,0,,Political violence,4180.0,12.4081,48.278
2024-02-10,Middle East,Yemen,Gulf of Aden,Explosions/Remote violence,Shelling/artillery/missile attack,2,0,,Political violence,4180.0,12.4081,48.278
2024-02-17,Middle East,Yemen,Gulf of Aden,Explosions/Remote violence,Shelling/artillery/missile attack,3,0,,Political violence,4180.0,12.4081,48.278
2024-02-24,Middle East,Yemen,Gulf of Aden,Explosions/Remote violence,Shelling/artillery/missile attack,1,0,,Political violence,4180.0,12.4081,48.278
2024-03-02,Middle East,Yemen,Gulf of Aden,Explosions/Remote violence,Shelling/artillery/missile attack,3,3,,Political violence,4180.0,12.4081,48.278
2024-03-09,Middle East,Yemen,Gulf of Aden,Explosions/Remote violence,Shelling/artillery/missile attack,2,0,,Political violence,4180.0,12.4081,48.278
2024-03-16,Middle East,Yemen,Gulf of Aden,Explosions/Remote violence,Shelling/artillery/missile attack,1,0,,Political violence,4180.0,12.4081,48.278
2024-03-23,Middle East,Yemen,Gulf of Aden,Explosions/Remote violence,Shelling/artillery/missile attack,1,0,,Political violence,4180.0,12.4081,48.278
2024-04-06,Middle East,Yemen,Gulf of Aden,Explosions/Remote violence,Shelling/artillery/missile attack,4,0,,Political violence,4180.0,12.4081,48.278
2024-04-20,Middle East,Yemen,Gulf of Aden,Explosions/Remote violence,Shelling/artillery/missile attack,1,0,,Political violence,4180.0,12.4081,48.278
2024-05-04,Middle East,Yemen,Gulf of Aden,Explosions/Remote violence,Shelling/artillery/missile attack,1,0,,Political violence,4180.0,12.4081,48.278
2024-05-18,Middle East,Yemen,Gulf of Aden,Explosions/Remote violence,Shelling/artillery/missile attack,1,0,,Political violence,4180.0,12.4081,48.278
2024-05-25,Middle East,Yemen,Gulf of Aden,Explosions/Remote violence,Shelling/artillery/missile attack,1,0,,Political violence,4180.0,12.4081,48.278
2024-06-08,Middle East,Yemen,Gulf of Aden,Explosions/Remote violence,Shelling/artillery/missile attack,4,0,,Political violence,4180.0,12.4081,48.278
2024-06-15,Middle East,Yemen,Gulf of Aden,Explosions/Remote violence,Shelling/artillery/missile attack,1,0,,Political violence,4180.0,12.4081,48.278
2024-06-22,Middle East,Yemen,Gulf of Aden,Explosions/Remote violence,Shelling/artillery/missile attack,1,0,,Political violence,4180.0,12.4081,48.278
2024-07-13,Middle East,Yemen,Gulf of Aden,Explosions/Remote violence,Shelling/artillery/missile attack,1,0,,Political violence,4180.0,12.4081,48.278
2024-08-03,Middle East,Yemen,Gulf of Aden,Explosions/Remote violence,Shelling/artillery/missile attack,3,0,,Political violence,4180.0,12.4081,48.278
2024-08-17,Middle East,Yemen,Gulf of Aden,Explosions/Remote violence,Shelling/artillery/missile attack,3,0,,Political violence,4180.0,12.4081,48.278
2024-08-24,Middle East,Yemen,Gulf of Aden,Explosions/Remote violence,Shelling/artillery/missile attack,1,0,,Political violence,4180.0,12.4081,48.278
2024-11-16,Middle East,Yemen,Gulf of Aden,Explosions/Remote violence,Shelling/artillery/missile attack,1,0,,Political violence,4180.0,12.4081,48.278
2025-09-20,Middle East,Yemen,Gulf of Aden,Explosions/Remote violence,Shelling/artillery/missile attack,1,0,,Political violence,4180.0,12.4081,48.278
2025-09-27,Middle East,Yemen,Gulf of Aden,Explosions/Remote violence,Shelling/artillery/missile attack,1,1,,Political violence,4180.0,12.4081,48.278
2025-04-12,Middle East,Yemen,Gulf of Aden,Violence against civilians,Attack,1,0,,Political violence,4180.0,12.4081,48.278
2023-10-07,Middle East,Yemen,Hadramawt,Battles,Armed clash,1,0,46420.0,Political violence,3685.0,16.5288,48.6269
2023-11-25,Middle East,Yemen,Hadramawt,Battles,Armed clash,2,0,39728.0,Political violence,3685.0,16.5288,48.6269
2023-12-02,Middle East,Yemen,Hadramawt,Battles,Armed clash,1,0,1591.0,Political violence,3685.0,16.5288,48.6269
2024-04-20,Middle East,Yemen,Hadramawt,Battles,Armed clash,1,0,1679.0,Political violence,3685.0,16.5288,48.6269
2024-05-18,Middle East,Yemen,Hadramawt,Battles,Armed clash,1,2,63509.0,Political violence,3685.0,16.5288,48.6269
2024-06-01,Middle East,Yemen,Hadramawt,Battles,Armed clash,1,1,11335.0,Political violence,3685.0,16.5288,48.6269
2024-08-03,Middle East,Yemen,Hadramawt,Battles,Armed clash,1,0,17253.0,Political violence,3685.0,16.5288,48.6269
2024-10-05,Middle East,Yemen,Hadramawt,Battles,Armed clash,1,0,63509.0,Political violence,3685.0,16.5288,48.6269
2024-11-02,Middle East,Yemen,Hadramawt,Battles,Armed clash,1,2,72450.0,Political violence,3685.0,16.5288,48.6269
2024-11-09,Middle East,Yemen,Hadramawt,Battles,Armed clash,1,1,58149.0,Political violence,3685.0,16.5288,48.6269
2024-11-16,Middle East,Yemen,Hadramawt,Battles,Armed clash,1,0,53205.0,Political violence,3685.0,16.5288,48.6269
2025-01-25,Middle East,Yemen,Hadramawt,Battles,Armed clash,1,1,144391.0,Political violence,3685.0,16.5288,48.6269
2025-02-15,Middle East,Yemen,Hadramawt,Battles,Armed clash,1,1,1774.0,Political violence,3685.0,16.5288,48.6269
2025-02-22,Middle East,Yemen,Hadramawt,Battles,Armed clash,1,0,59398.0,Political violence,3685.0,16.5288,48.6269
2025-03-01,Middle East,Yemen,Hadramawt,Battles,Armed clash,1,0,17461.0,Political violence,3685.0,16.5288,48.6269
2025-03-08,Middle East,Yemen,Hadramawt,Battles,Armed clash,1,3,4812.0,Political violence,3685.0,16.5288,48.6269
2025-04-26,Middle East,Yemen,Hadramawt,Battles,Armed clash,1,0,65590.0,Political violence,3685.0,16.5288,48.6269
2025-05-10,Middle East,Yemen,Hadramawt,Battles,Armed clash,1,2,,Political violence,3685.0,16.5288,48.6269
2025-05-17,Middle East,Yemen,Hadramawt,Battles,Armed clash,1,2,2568.0,Political violence,3685.0,16.5288,48.6269
2025-07-05,Middle East,Yemen,Hadramawt,Battles,Armed clash,1,6,6352.0,Political violence,3685.0,16.5288,48.6269
2025-07-19,Middle East,Yemen,Hadramawt,Battles,Armed clash,1,1,10976.0,Political violence,3685.0,16.5288,48.6269
2025-11-01,Middle East,Yemen,Hadramawt,Battles,Armed clash,1,1,124571.0,Political violence,3685.0,16.5288,48.6269
2025-11-08,Middle East,Yemen,Hadramawt,Battles,Armed clash,3,0,13969.0,Political violence,3685.0,16.5288,48.6269
2025-11-29,Middle East,Yemen,Hadramawt,Battles,Armed clash,11,9,235498.0,Political violence,3685.0,16.5288,48.6269
2025-12-06,Middle East,Yemen,Hadramawt,Battles,Armed clash,1,0,1774.0,Political violence,3685.0,16.5288,48.6269
2025-12-20,Middle East,Yemen,Hadramawt,Battles,Armed clash,6,8,28751.0,Political violence,3685.0,16.5288,48.6269
2025-12-27,Middle East,Yemen,Hadramawt,Battles,Armed clash,7,7,23703.0,Political violence,3685.0,16.5288,48.6269
2026-01-03,Middle East,Yemen,Hadramawt,Battles,Armed clash,5,3,13110.0,Political violence,3685.0,16.5288,48.6269
2026-01-24,Middle East,Yemen,Hadramawt,Battles,Armed clash,2,1,104626.0,Political violence,3685.0,16.5288,48.6269
2026-04-04,Middle East,Yemen,Hadramawt,Battles,Armed clash,1,0,,Political violence,3685.0,16.5288,48.6269
2026-04-11,Middle East,Yemen,Hadramawt,Battles,Armed clash,1,1,,Political violence,3685.0,16.5288,48.6269
2024-10-26,Middle East,Yemen,Hadramawt,Explosions/Remote violence,Air/drone strike,1,1,10607.0,Political violence,3685.0,16.5288,48.6269
2024-11-16,Middle East,Yemen,Hadramawt,Explosions/Remote violence,Air/drone strike,1,1,1679.0,Political violence,3685.0,16.5288,48.6269
2025-04-12,Middle East,Yemen,Hadramawt,Explosions/Remote violence,Air/drone strike,2,2,1774.0,Political violence,3685.0,16.5288,48.6269
2025-04-26,Middle East,Yemen,Hadramawt,Explosions/Remote violence,Air/drone strike,1,3,4812.0,Political violence,3685.0,16.5288,48.6269
2025-12-13,Middle East,Yemen,Hadramawt,Explosions/Remote violence,Air/drone strike,1,0,103.0,Political violence,3685.0,16.5288,48.6269
2025-12-20,Middle East,Yemen,Hadramawt,Explosions/Remote violence,Air/drone strike,1,0,1047.0,Political violence,3685.0,16.5288,48.6269
2025-12-27,Middle East,Yemen,Hadramawt,Explosions/Remote violence,Air/drone strike,7,3,179697.0,Political violence,3685.0,16.5288,48.6269
2026-01-03,Middle East,Yemen,Hadramawt,Explosions/Remote violence,Air/drone strike,2,4,28002.0,Political violence,3685.0,16.5288,48.6269
2025-01-04,Middle East,Yemen,Hadramawt,Explosions/Remote violence,Shelling/artillery/missile attack,1,0,60014.0,Political violence,3685.0,16.5288,48.6269
2025-11-29,Middle East,Yemen,Hadramawt,Explosions/Remote violence,Shelling/artillery/missile attack,1,0,6179.0,Political violence,3685.0,16.5288,48.6269
2025-12-27,Middle East,Yemen,Hadramawt,Explosions/Remote violence,Shelling/artillery/missile attack,1,0,13911.0,Political violence,3685.0,16.5288,48.6269
2024-03-02,Middle East,Yemen,Hadramawt,Violence against civilians,Abduction/forced disappearance,1,0,1852.0,Political violence,3685.0,16.5288,48.6269
2024-04-06,Middle East,Yemen,Hadramawt,Violence against civilians,Abduction/forced disappearance,1,0,84373.0,Political violence,3685.0,16.5288,48.6269
2024-09-21,Middle East,Yemen,Hadramawt,Violence against civilians,Abduction/forced disappearance,1,0,26740.0,Political violence,3685.0,16.5288,48.6269
2024-11-30,Middle East,Yemen,Hadramawt,Violence against civilians,Abduction/forced disappearance,1,0,36553.0,Political violence,3685.0,16.5288,48.6269
2025-08-09,Middle East,Yemen,Hadramawt,Violence against civilians,Abduction/forced disappearance,1,0,16513.0,Political violence,3685.0,16.5288,48.6269
2025-08-16,Middle East,Yemen,Hadramawt,Violence against civilians,Abduction/forced disappearance,1,0,16513.0,Political violence,3685.0,16.5288,48.6269
2025-12-06,Middle East,Yemen,Hadramawt,Violence against civilians,Abduction/forced disappearance,2,0,16513.0,Political violence,3685.0,16.5288,48.6269
2025-12-13,Middle East,Yemen,Hadramawt,Violence against civilians,Abduction/forced disappearance,3,0,112820.0,Political violence,3685.0,16.5288,48.6269
2025-12-27,Middle East,Yemen,Hadramawt,Violence against civilians,Abduction/forced disappearance,2,0,25244.0,Political violence,3685.0,16.5288,48.6269
2026-01-17,Middle East,Yemen,Hadramawt,Violence against civilians,Abduction/forced disappearance,1,0,18301.0,Political violence,3685.0,16.5288,48.6269
2026-02-07,Middle East,Yemen,Hadramawt,Violence against civilians,Abduction/forced disappearance,3,0,108711.0,Political violence,3685.0,16.5288,48.6269
2023-10-28,Middle East,Yemen,Hadramawt,Violence against civilians,Attack,1,0,8.0,Political violence,3685.0,16.5288,48.6269
2023-12-30,Middle East,Yemen,Hadramawt,Violence against civilians,Attack,1,1,1679.0,Political violence,3685.0,16.5288,48.6269
2024-04-13,Middle East,Yemen,Hadramawt,Violence against civilians,Attack,1,1,41038.0,Political violence,3685.0,16.5288,48.6269
2024-05-04,Middle East,Yemen,Hadramawt,Violence against civilians,Attack,1,1,53205.0,Political violence,3685.0,16.5288,48.6269
2024-07-13,Middle East,Yemen,Hadramawt,Violence against civilians,Attack,1,0,29599.0,Political violence,3685.0,16.5288,48.6269
2024-10-19,Middle East,Yemen,Hadramawt,Violence against civilians,Attack,1,1,72450.0,Political violence,3685.0,16.5288,48.6269
2024-11-30,Middle East,Yemen,Hadramawt,Violence against civilians,Attack,1,0,34629.0,Political violence,3685.0,16.5288,48.6269
2024-12-28,Middle East,Yemen,Hadramawt,Violence against civilians,Attack,1,1,25658.0,Political violence,3685.0,16.5288,48.6269
2025-02-08,Middle East,Yemen,Hadramawt,Violence against civilians,Attack,2,1,76666.0,Political violence,3685.0,16.5288,48.6269
2025-04-26,Middle East,Yemen,Hadramawt,Violence against civilians,Attack,1,1,21163.0,Political violence,3685.0,16.5288,48.6269
2025-09-13,Middle East,Yemen,Hadramawt,Violence against civilians,Attack,1,0,3977.0,Political violence,3685.0,16.5288,48.6269
2025-10-18,Middle East,Yemen,Hadramawt,Violence against civilians,Attack,1,0,1261.0,Political violence,3685.0,16.5288,48.6269
2025-11-01,Middle East,Yemen,Hadramawt,Violence against civilians,Attack,1,0,21289.0,Political violence,3685.0,16.5288,48.6269
2025-11-15,Middle East,Yemen,Hadramawt,Violence against civilians,Attack,1,1,122240.0,Political violence,3685.0,16.5288,48.6269
2025-11-22,Middle East,Yemen,Hadramawt,Violence against civilians,Attack,1,1,8198.0,Political violence,3685.0,16.5288,48.6269
2024-05-04,Middle East,Yemen,Hajjah,Battles,Armed clash,1,3,1397.0,Political violence,3686.0,16.0944,43.2039
2025-05-31,Middle East,Yemen,Hajjah,Battles,Armed clash,2,1,257707.0,Political violence,3686.0,16.0944,43.2039
2024-01-06,Middle East,Yemen,Hajjah,Explosions/Remote violence,Air/drone strike,2,1,59868.0,Political violence,3686.0,16.0944,43.2039
2024-01-27,Middle East,Yemen,Hajjah,Explosions/Remote violence,Air/drone strike,1,0,27222.0,Political violence,3686.0,16.0944,43.2039
2024-02-03,Middle East,Yemen,Hajjah,Explosions/Remote violence,Air/drone strike,1,0,5513.0,Political violence,3686.0,16.0944,43.2039
2024-02-24,Middle East,Yemen,Hajjah,Explosions/Remote violence,Air/drone strike,1,0,5513.0,Political violence,3686.0,16.0944,43.2039
2024-06-22,Middle East,Yemen,Hajjah,Explosions/Remote violence,Air/drone strike,1,0,51463.0,Political violence,3686.0,16.0944,43.2039
2024-06-29,Middle East,Yemen,Hajjah,Explosions/Remote violence,Air/drone strike,1,0,1393.0,Political violence,3686.0,16.0944,43.2039
2024-07-13,Middle East,Yemen,Hajjah,Explosions/Remote violence,Air/drone strike,1,0,1393.0,Political violence,3686.0,16.0944,43.2039
2024-07-20,Middle East,Yemen,Hajjah,Explosions/Remote violence,Air/drone strike,1,0,1393.0,Political violence,3686.0,16.0944,43.2039
2024-08-10,Middle East,Yemen,Hajjah,Explosions/Remote violence,Air/drone strike,1,0,51463.0,Political violence,3686.0,16.0944,43.2039
2024-12-14,Middle East,Yemen,Hajjah,Explosions/Remote violence,Air/drone strike,1,0,1393.0,Political violence,3686.0,16.0944,43.2039
2024-12-28,Middle East,Yemen,Hajjah,Explosions/Remote violence,Air/drone strike,1,0,1393.0,Political violence,3686.0,16.0944,43.2039
2025-03-15,Middle East,Yemen,Hajjah,Explosions/Remote violence,Air/drone strike,2,4,63699.0,Political violence,3686.0,16.0944,43.2039
2025-03-29,Middle East,Yemen,Hajjah,Explosions/Remote violence,Air/drone strike,3,2,38607.0,Political violence,3686.0,16.0944,43.2039
2025-04-05,Middle East,Yemen,Hajjah,Explosions/Remote violence,Air/drone strike,1,0,29893.0,Political violence,3686.0,16.0944,43.2039
2025-04-19,Middle East,Yemen,Hajjah,Explosions/Remote violence,Air/drone strike,1,0,36868.0,Political violence,3686.0,16.0944,43.2039
2025-08-23,Middle East,Yemen,Hajjah,Explosions/Remote violence,Air/drone strike,1,0,20079.0,Political violence,3686.0,16.0944,43.2039
2025-11-08,Middle East,Yemen,Hajjah,Explosions/Remote violence,Air/drone strike,1,0,11303.0,Political violence,3686.0,16.0944,43.2039
2025-05-10,Middle East,Yemen,Hajjah,Explosions/Remote violence,Shelling/artillery/missile attack,1,0,31305.0,Political violence,3686.0,16.0944,43.2039
2025-08-30,Middle East,Yemen,Hajjah,Explosions/Remote violence,Shelling/artillery/missile attack,2,0,272996.0,Political violence,3686.0,16.0944,43.2039
2025-09-20,Middle East,Yemen,Hajjah,Explosions/Remote violence,Shelling/artillery/missile attack,1,0,9059.0,Political violence,3686.0,16.0944,43.2039
2026-03-14,Middle East,Yemen,Hajjah,Explosions/Remote violence,Shelling/artillery/missile attack,1,8,20937.0,Political violence,3686.0,16.0944,43.2039
2023-12-23,Middle East,Yemen,Hajjah,Violence against civilians,Abduction/forced disappearance,1,0,,Political violence,3686.0,16.0944,43.2039
2024-06-01,Middle East,Yemen,Hajjah,Violence against civilians,Abduction/forced disappearance,1,0,19507.0,Political violence,3686.0,16.0944,43.2039
2024-06-15,Middle East,Yemen,Hajjah,Violence against civilians,Abduction/forced disappearance,1,0,,Political violence,3686.0,16.0944,43.2039
2024-07-06,Middle East,Yemen,Hajjah,Violence against civilians,Abduction/forced disappearance,1,0,1242.0,Political violence,3686.0,16.0944,43.2039
2024-07-20,Middle East,Yemen,Hajjah,Violence against civilians,Abduction/forced disappearance,1,0,,Political violence,3686.0,16.0944,43.2039
2024-09-21,Middle East,Yemen,Hajjah,Violence against civilians,Abduction/forced disappearance,1,0,38.0,Political violence,3686.0,16.0944,43.2039
2024-10-05,Middle East,Yemen,Hajjah,Violence against civilians,Abduction/forced disappearance,1,0,18249.0,Political violence,3686.0,16.0944,43.2039
2024-10-12,Middle East,Yemen,Hajjah,Violence against civilians,Abduction/forced disappearance,1,0,18249.0,Political violence,3686.0,16.0944,43.2039
2025-02-22,Middle East,Yemen,Hajjah,Violence against civilians,Abduction/forced disappearance,1,0,30556.0,Political violence,3686.0,16.0944,43.2039
2025-03-01,Middle East,Yemen,Hajjah,Violence against civilians,Abduction/forced disappearance,1,0,4364.0,Political violence,3686.0,16.0944,43.2039
2025-04-26,Middle East,Yemen,Hajjah,Violence against civilians,Abduction/forced disappearance,2,0,34326.0,Political violence,3686.0,16.0944,43.2039
2025-06-14,Middle East,Yemen,Hajjah,Violence against civilians,Abduction/forced disappearance,1,0,1109.0,Political violence,3686.0,16.0944,43.2039
2025-08-09,Middle East,Yemen,Hajjah,Violence against civilians,Abduction/forced disappearance,1,0,5400.0,Political violence,3686.0,16.0944,43.2039
2025-09-20,Middle East,Yemen,Hajjah,Violence against civilians,Abduction/forced disappearance,2,0,18785.0,Political violence,3686.0,16.0944,43.2039
2025-10-04,Middle East,Yemen,Hajjah,Violence against civilians,Abduction/forced disappearance,1,0,9897.0,Political violence,3686.0,16.0944,43.2039
2026-03-14,Middle East,Yemen,Hajjah,Violence against civilians,Abduction/forced disappearance,1,0,19317.0,Political violence,3686.0,16.0944,43.2039
2026-04-04,Middle East,Yemen,Hajjah,Violence against civilians,Abduction/forced disappearance,1,0,19317.0,Political violence,3686.0,16.0944,43.2039
2026-04-11,Middle East,Yemen,Hajjah,Violence against civilians,Abduction/forced disappearance,1,0,4166.0,Political violence,3686.0,16.0944,43.2039
2023-11-11,Middle East,Yemen,Hajjah,Violence against civilians,Attack,1,1,115259.0,Political violence,3686.0,16.0944,43.2039
2024-01-06,Middle East,Yemen,Hajjah,Violence against civilians,Attack,1,8,,Political violence,3686.0,16.0944,43.2039
2024-04-27,Middle East,Yemen,Hajjah,Violence against civilians,Attack,1,1,7427.0,Political violence,3686.0,16.0944,43.2039
2024-07-20,Middle East,Yemen,Hajjah,Violence against civilians,Attack,1,1,9454.0,Political violence,3686.0,16.0944,43.2039
2025-02-15,Middle East,Yemen,Hajjah,Violence against civilians,Attack,1,2,9639.0,Political violence,3686.0,16.0944,43.2039
2025-03-15,Middle East,Yemen,Hajjah,Violence against civilians,Attack,1,2,4650.0,Political violence,3686.0,16.0944,43.2039
2025-04-19,Middle East,Yemen,Hajjah,Violence against civilians,Attack,1,1,36868.0,Political violence,3686.0,16.0944,43.2039
2025-05-17,Middle East,Yemen,Hajjah,Violence against civilians,Attack,1,1,38348.0,Political violence,3686.0,16.0944,43.2039
2025-08-16,Middle East,Yemen,Hajjah,Violence against civilians,Attack,1,1,14282.0,Political violence,3686.0,16.0944,43.2039
2025-09-13,Middle East,Yemen,Hajjah,Violence against civilians,Attack,1,0,5400.0,Political violence,3686.0,16.0944,43.2039
2025-11-01,Middle East,Yemen,Hajjah,Violence against civilians,Attack,1,1,66406.0,Political violence,3686.0,16.0944,43.2039
2026-03-14,Middle East,Yemen,Hajjah,Violence against civilians,Attack,1,0,,Political violence,3686.0,16.0944,43.2039
2023-10-14,Middle East,Yemen,Ibb,Battles,Armed clash,1,0,24811.0,Political violence,3687.0,14.0881,44.175
2023-11-25,Middle East,Yemen,Ibb,Battles,Armed clash,1,2,166303.0,Political violence,3687.0,14.0881,44.175
2023-12-02,Middle East,Yemen,Ibb,Battles,Armed clash,3,0,27194.0,Political violence,3687.0,14.0881,44.175
2024-01-13,Middle East,Yemen,Ibb,Battles,Armed clash,1,1,15807.0,Political violence,3687.0,14.0881,44.175
2024-02-03,Middle East,Yemen,Ibb,Battles,Armed clash,2,1,68906.0,Political violence,3687.0,14.0881,44.175
2024-02-17,Middle East,Yemen,Ibb,Battles,Armed clash,2,3,18245.0,Political violence,3687.0,14.0881,44.175
2024-03-30,Middle East,Yemen,Ibb,Battles,Armed clash,2,0,31170.0,Political violence,3687.0,14.0881,44.175
2024-04-20,Middle East,Yemen,Ibb,Battles,Armed clash,3,2,48128.0,Political violence,3687.0,14.0881,44.175
2024-05-04,Middle East,Yemen,Ibb,Battles,Armed clash,1,0,31799.0,Political violence,3687.0,14.0881,44.175
2024-05-11,Middle East,Yemen,Ibb,Battles,Armed clash,2,1,36455.0,Political violence,3687.0,14.0881,44.175
2024-07-06,Middle East,Yemen,Ibb,Battles,Armed clash,1,1,17625.0,Political violence,3687.0,14.0881,44.175
2024-07-13,Middle East,Yemen,Ibb,Battles,Armed clash,3,2,104600.0,Political violence,3687.0,14.0881,44.175
2024-08-03,Middle East,Yemen,Ibb,Battles,Armed clash,2,3,60204.0,Political violence,3687.0,14.0881,44.175
2024-08-10,Middle East,Yemen,Ibb,Battles,Armed clash,1,0,11253.0,Political violence,3687.0,14.0881,44.175
2024-08-17,Middle East,Yemen,Ibb,Battles,Armed clash,1,1,36455.0,Political violence,3687.0,14.0881,44.175
2024-09-14,Middle East,Yemen,Ibb,Battles,Armed clash,2,0,1966.0,Political violence,3687.0,14.0881,44.175
2024-10-26,Middle East,Yemen,Ibb,Battles,Armed clash,1,1,17109.0,Political violence,3687.0,14.0881,44.175
2024-11-02,Middle East,Yemen,Ibb,Battles,Armed clash,1,0,62153.0,Political violence,3687.0,14.0881,44.175
2024-11-23,Middle East,Yemen,Ibb,Battles,Armed clash,2,8,29532.0,Political violence,3687.0,14.0881,44.175
2024-11-30,Middle East,Yemen,Ibb,Battles,Armed clash,2,5,55530.0,Political violence,3687.0,14.0881,44.175
2024-12-07,Middle East,Yemen,Ibb,Battles,Armed clash,1,0,36430.0,Political violence,3687.0,14.0881,44.175
2025-01-11,Middle East,Yemen,Ibb,Battles,Armed clash,1,1,32577.0,Political violence,3687.0,14.0881,44.175
2025-01-18,Middle East,Yemen,Ibb,Battles,Armed clash,1,0,61284.0,Political violence,3687.0,14.0881,44.175
2025-02-01,Middle East,Yemen,Ibb,Battles,Armed clash,2,1,235343.0,Political violence,3687.0,14.0881,44.175
2025-02-08,Middle East,Yemen,Ibb,Battles,Armed clash,1,2,37542.0,Political violence,3687.0,14.0881,44.175
2025-02-22,Middle East,Yemen,Ibb,Battles,Armed clash,1,1,17011.0,Political violence,3687.0,14.0881,44.175
2025-03-15,Middle East,Yemen,Ibb,Battles,Armed clash,1,0,217957.0,Political violence,3687.0,14.0881,44.175
2025-03-29,Middle East,Yemen,Ibb,Battles,Armed clash,1,4,12006.0,Political violence,3687.0,14.0881,44.175
2025-04-12,Middle East,Yemen,Ibb,Battles,Armed clash,1,0,27954.0,Political violence,3687.0,14.0881,44.175
2025-05-10,Middle East,Yemen,Ibb,Battles,Armed clash,1,1,34878.0,Political violence,3687.0,14.0881,44.175
2025-05-17,Middle East,Yemen,Ibb,Battles,Armed clash,1,2,53088.0,Political violence,3687.0,14.0881,44.175
2025-06-07,Middle East,Yemen,Ibb,Battles,Armed clash,2,2,31368.0,Political violence,3687.0,14.0881,44.175
2025-10-18,Middle East,Yemen,Ibb,Battles,Armed clash,1,0,8800.0,Political violence,3687.0,14.0881,44.175
2025-11-01,Middle East,Yemen,Ibb,Battles,Armed clash,4,1,242067.0,Political violence,3687.0,14.0881,44.175
2026-01-03,Middle East,Yemen,Ibb,Battles,Armed clash,1,1,19503.0,Political violence,3687.0,14.0881,44.175
2026-02-21,Middle East,Yemen,Ibb,Battles,Armed clash,1,0,24851.0,Political violence,3687.0,14.0881,44.175
2026-04-04,Middle East,Yemen,Ibb,Battles,Armed clash,1,0,,Political violence,3687.0,14.0881,44.175
2026-04-11,Middle East,Yemen,Ibb,Battles,Armed clash,1,0,18803.0,Political violence,3687.0,14.0881,44.175
2024-01-06,Middle East,Yemen,Ibb,Explosions/Remote violence,Air/drone strike,1,0,171211.0,Political violence,3687.0,14.0881,44.175
2024-08-31,Middle East,Yemen,Ibb,Explosions/Remote violence,Air/drone strike,1,0,10364.0,Political violence,3687.0,14.0881,44.175
2024-09-07,Middle East,Yemen,Ibb,Explosions/Remote violence,Air/drone strike,1,0,23250.0,Political violence,3687.0,14.0881,44.175
2025-03-29,Middle East,Yemen,Ibb,Explosions/Remote violence,Air/drone strike,2,1,41938.0,Political violence,3687.0,14.0881,44.175
2025-04-05,Middle East,Yemen,Ibb,Explosions/Remote violence,Air/drone strike,3,0,70731.0,Political violence,3687.0,14.0881,44.175
2024-01-20,Middle East,Yemen,Ibb,Explosions/Remote violence,Shelling/artillery/missile attack,1,0,35981.0,Political violence,3687.0,14.0881,44.175
2025-05-03,Middle East,Yemen,Ibb,Explosions/Remote violence,Shelling/artillery/missile attack,1,0,19862.0,Political violence,3687.0,14.0881,44.175
2023-11-11,Middle East,Yemen,Ibb,Violence against civilians,Abduction/forced disappearance,1,0,173945.0,Political violence,3687.0,14.0881,44.175
2023-12-23,Middle East,Yemen,Ibb,Violence against civilians,Abduction/forced disappearance,1,0,5864.0,Political violence,3687.0,14.0881,44.175
2024-01-13,Middle East,Yemen,Ibb,Violence against civilians,Abduction/forced disappearance,1,0,10025.0,Political violence,3687.0,14.0881,44.175
2024-01-27,Middle East,Yemen,Ibb,Violence against civilians,Abduction/forced disappearance,2,0,20720.0,Political violence,3687.0,14.0881,44.175
2024-02-10,Middle East,Yemen,Ibb,Violence against civilians,Abduction/forced disappearance,2,0,9558.0,Political violence,3687.0,14.0881,44.175
2024-02-24,Middle East,Yemen,Ibb,Violence against civilians,Abduction/forced disappearance,3,0,47266.0,Political violence,3687.0,14.0881,44.175
2024-03-16,Middle East,Yemen,Ibb,Violence against civilians,Abduction/forced disappearance,1,0,76965.0,Political violence,3687.0,14.0881,44.175
2024-03-23,Middle East,Yemen,Ibb,Violence against civilians,Abduction/forced disappearance,1,0,76965.0,Political violence,3687.0,14.0881,44.175
2024-04-06,Middle East,Yemen,Ibb,Violence against civilians,Abduction/forced disappearance,1,0,15807.0,Political violence,3687.0,14.0881,44.175
2024-04-20,Middle East,Yemen,Ibb,Violence against civilians,Abduction/forced disappearance,1,0,15807.0,Political violence,3687.0,14.0881,44.175
2024-05-04,Middle East,Yemen,Ibb,Violence against civilians,Abduction/forced disappearance,1,0,22250.0,Political violence,3687.0,14.0881,44.175
2024-05-25,Middle East,Yemen,Ibb,Violence against civilians,Abduction/forced disappearance,1,0,36455.0,Political violence,3687.0,14.0881,44.175
2024-07-13,Middle East,Yemen,Ibb,Violence against civilians,Abduction/forced disappearance,1,0,22132.0,Political violence,3687.0,14.0881,44.175
2024-08-31,Middle East,Yemen,Ibb,Violence against civilians,Abduction/forced disappearance,1,0,15232.0,Political violence,3687.0,14.0881,44.175
2024-09-07,Middle East,Yemen,Ibb,Violence against civilians,Abduction/forced disappearance,3,0,81817.0,Political violence,3687.0,14.0881,44.175
2024-09-14,Middle East,Yemen,Ibb,Violence against civilians,Abduction/forced disappearance,4,0,231236.0,Political violence,3687.0,14.0881,44.175
2024-09-21,Middle East,Yemen,Ibb,Violence against civilians,Abduction/forced disappearance,25,0,569313.0,Political violence,3687.0,14.0881,44.175
2024-09-28,Middle East,Yemen,Ibb,Violence against civilians,Abduction/forced disappearance,3,0,67679.0,Political violence,3687.0,14.0881,44.175
2024-10-05,Middle East,Yemen,Ibb,Violence against civilians,Abduction/forced disappearance,10,0,300304.0,Political violence,3687.0,14.0881,44.175
2024-10-12,Middle East,Yemen,Ibb,Violence against civilians,Abduction/forced disappearance,2,0,36455.0,Political violence,3687.0,14.0881,44.175
2024-10-19,Middle East,Yemen,Ibb,Violence against civilians,Abduction/forced disappearance,1,0,36455.0,Political violence,3687.0,14.0881,44.175
2024-10-26,Middle East,Yemen,Ibb,Violence against civilians,Abduction/forced disappearance,1,0,18830.0,Political violence,3687.0,14.0881,44.175
2024-11-09,Middle East,Yemen,Ibb,Violence against civilians,Abduction/forced disappearance,2,0,80114.0,Political violence,3687.0,14.0881,44.175
2024-12-07,Middle East,Yemen,Ibb,Violence against civilians,Abduction/forced disappearance,3,0,82839.0,Political violence,3687.0,14.0881,44.175
2024-12-14,Middle East,Yemen,Ibb,Violence against civilians,Abduction/forced disappearance,2,0,15286.0,Political violence,3687.0,14.0881,44.175
2024-12-28,Middle East,Yemen,Ibb,Violence against civilians,Abduction/forced disappearance,1,0,24646.0,Political violence,3687.0,14.0881,44.175
2025-01-04,Middle East,Yemen,Ibb,Violence against civilians,Abduction/forced disappearance,1,0,12485.0,Political violence,3687.0,14.0881,44.175
2025-01-18,Middle East,Yemen,Ibb,Violence against civilians,Abduction/forced disappearance,2,0,74404.0,Political violence,3687.0,14.0881,44.175
2025-02-22,Middle East,Yemen,Ibb,Violence against civilians,Abduction/forced disappearance,1,0,73232.0,Political violence,3687.0,14.0881,44.175
2025-03-01,Middle East,Yemen,Ibb,Violence against civilians,Abduction/forced disappearance,1,0,15048.0,Political violence,3687.0,14.0881,44.175
2025-03-08,Middle East,Yemen,Ibb,Violence against civilians,Abduction/forced disappearance,1,0,186138.0,Political violence,3687.0,14.0881,44.175
2025-03-15,Middle East,Yemen,Ibb,Violence against civilians,Abduction/forced disappearance,1,0,3011.0,Political violence,3687.0,14.0881,44.175
2025-04-05,Middle East,Yemen,Ibb,Violence against civilians,Abduction/forced disappearance,1,0,50844.0,Political violence,3687.0,14.0881,44.175
2025-04-19,Middle East,Yemen,Ibb,Violence against civilians,Abduction/forced disappearance,1,0,50844.0,Political violence,3687.0,14.0881,44.175
2025-04-26,Middle East,Yemen,Ibb,Violence against civilians,Abduction/forced disappearance,1,0,186138.0,Political violence,3687.0,14.0881,44.175
2025-05-03,Middle East,Yemen,Ibb,Violence against civilians,Abduction/forced disappearance,1,0,22006.0,Political violence,3687.0,14.0881,44.175
2025-05-10,Middle East,Yemen,Ibb,Violence against civilians,Abduction/forced disappearance,7,0,388760.0,Political violence,3687.0,14.0881,44.175
2025-05-17,Middle East,Yemen,Ibb,Violence against civilians,Abduction/forced disappearance,1,0,50844.0,Political violence,3687.0,14.0881,44.175
2025-05-24,Middle East,Yemen,Ibb,Violence against civilians,Abduction/forced disappearance,1,0,50844.0,Political violence,3687.0,14.0881,44.175
2025-05-31,Middle East,Yemen,Ibb,Violence against civilians,Abduction/forced disappearance,1,0,186138.0,Political violence,3687.0,14.0881,44.175
2025-06-28,Middle East,Yemen,Ibb,Violence against civilians,Abduction/forced disappearance,17,0,270949.0,Political violence,3687.0,14.0881,44.175
2025-07-05,Middle East,Yemen,Ibb,Violence against civilians,Abduction/forced disappearance,11,0,205461.0,Political violence,3687.0,14.0881,44.175
2025-07-12,Middle East,Yemen,Ibb,Violence against civilians,Abduction/forced disappearance,1,0,47507.0,Political violence,3687.0,14.0881,44.175
2025-07-19,Middle East,Yemen,Ibb,Violence against civilians,Abduction/forced disappearance,7,0,167426.0,Political violence,3687.0,14.0881,44.175
2025-07-26,Middle East,Yemen,Ibb,Violence against civilians,Abduction/forced disappearance,6,0,128961.0,Political violence,3687.0,14.0881,44.175
2025-08-02,Middle East,Yemen,Ibb,Violence against civilians,Abduction/forced disappearance,7,0,101733.0,Political violence,3687.0,14.0881,44.175
2025-08-16,Middle East,Yemen,Ibb,Violence against civilians,Abduction/forced disappearance,2,0,55955.0,Political violence,3687.0,14.0881,44.175
2025-09-20,Middle East,Yemen,Ibb,Violence against civilians,Abduction/forced disappearance,10,0,372343.0,Political violence,3687.0,14.0881,44.175
2025-09-27,Middle East,Yemen,Ibb,Violence against civilians,Abduction/forced disappearance,24,0,726381.0,Political violence,3687.0,14.0881,44.175
2025-10-11,Middle East,Yemen,Ibb,Violence against civilians,Abduction/forced disappearance,1,0,24154.0,Political violence,3687.0,14.0881,44.175
2025-10-18,Middle East,Yemen,Ibb,Violence against civilians,Abduction/forced disappearance,1,0,182340.0,Political violence,3687.0,14.0881,44.175
2025-10-25,Middle East,Yemen,Ibb,Violence against civilians,Abduction/forced disappearance,3,0,52892.0,Political violence,3687.0,14.0881,44.175
2025-11-01,Middle East,Yemen,Ibb,Violence against civilians,Abduction/forced disappearance,1,0,21834.0,Political violence,3687.0,14.0881,44.175
2025-11-08,Middle East,Yemen,Ibb,Violence against civilians,Abduction/forced disappearance,1,0,182340.0,Political violence,3687.0,14.0881,44.175
2026-01-10,Middle East,Yemen,Ibb,Violence against civilians,Abduction/forced disappearance,2,0,24577.0,Political violence,3687.0,14.0881,44.175
2026-01-17,Middle East,Yemen,Ibb,Violence against civilians,Abduction/forced disappearance,1,0,24851.0,Political violence,3687.0,14.0881,44.175
2026-01-24,Middle East,Yemen,Ibb,Violence against civilians,Abduction/forced disappearance,1,0,24851.0,Political violence,3687.0,14.0881,44.175
2026-02-21,Middle East,Yemen,Ibb,Violence against civilians,Abduction/forced disappearance,4,0,41005.0,Political violence,3687.0,14.0881,44.175
2026-02-28,Middle East,Yemen,Ibb,Violence against civilians,Abduction/forced disappearance,1,0,25990.0,Political violence,3687.0,14.0881,44.175
2026-03-07,Middle East,Yemen,Ibb,Violence against civilians,Abduction/forced disappearance,1,0,186290.0,Political violence,3687.0,14.0881,44.175
2026-03-28,Middle East,Yemen,Ibb,Violence against civilians,Abduction/forced disappearance,1,0,24851.0,Political violence,3687.0,14.0881,44.175
2026-04-04,Middle East,Yemen,Ibb,Violence against civilians,Abduction/forced disappearance,2,0,9816.0,Political violence,3687.0,14.0881,44.175
2026-04-11,Middle East,Yemen,Ibb,Violence against civilians,Abduction/forced disappearance,1,0,10473.0,Political violence,3687.0,14.0881,44.175
2026-04-18,Middle East,Yemen,Ibb,Violence against civilians,Abduction/forced disappearance,3,0,36219.0,Political violence,3687.0,14.0881,44.175
2023-10-07,Middle East,Yemen,Ibb,Violence against civilians,Attack,2,1,59562.0,Political violence,3687.0,14.0881,44.175
2023-10-21,Middle East,Yemen,Ibb,Violence against civilians,Attack,1,1,11677.0,Political violence,3687.0,14.0881,44.175
2023-10-28,Middle East,Yemen,Ibb,Violence against civilians,Attack,2,1,21356.0,Political violence,3687.0,14.0881,44.175
2023-11-04,Middle East,Yemen,Ibb,Violence against civilians,Attack,1,0,10929.0,Political violence,3687.0,14.0881,44.175
2023-11-11,Middle East,Yemen,Ibb,Violence against civilians,Attack,1,0,10767.0,Political violence,3687.0,14.0881,44.175
2023-11-25,Middle East,Yemen,Ibb,Violence against civilians,Attack,1,0,38224.0,Political violence,3687.0,14.0881,44.175
2023-12-02,Middle East,Yemen,Ibb,Violence against civilians,Attack,3,2,48268.0,Political violence,3687.0,14.0881,44.175
2023-12-09,Middle East,Yemen,Ibb,Violence against civilians,Attack,1,1,51526.0,Political violence,3687.0,14.0881,44.175
2023-12-16,Middle East,Yemen,Ibb,Violence against civilians,Attack,1,1,2256.0,Political violence,3687.0,14.0881,44.175
2023-12-23,Middle East,Yemen,Ibb,Violence against civilians,Attack,1,2,42798.0,Political violence,3687.0,14.0881,44.175
2024-01-13,Middle East,Yemen,Ibb,Violence against civilians,Attack,1,0,16834.0,Political violence,3687.0,14.0881,44.175
2024-02-17,Middle East,Yemen,Ibb,Violence against civilians,Attack,1,0,28176.0,Political violence,3687.0,14.0881,44.175
2024-03-23,Middle East,Yemen,Ibb,Violence against civilians,Attack,2,1,159213.0,Political violence,3687.0,14.0881,44.175
2024-03-30,Middle East,Yemen,Ibb,Violence against civilians,Attack,1,0,100370.0,Political violence,3687.0,14.0881,44.175
2024-04-27,Middle East,Yemen,Ibb,Violence against civilians,Attack,1,0,15807.0,Political violence,3687.0,14.0881,44.175
2024-05-25,Middle East,Yemen,Ibb,Violence against civilians,Attack,1,0,8554.0,Political violence,3687.0,14.0881,44.175
2024-06-01,Middle East,Yemen,Ibb,Violence against civilians,Attack,2,0,36455.0,Political violence,3687.0,14.0881,44.175
2024-06-29,Middle East,Yemen,Ibb,Violence against civilians,Attack,1,2,36455.0,Political violence,3687.0,14.0881,44.175
2024-07-06,Middle East,Yemen,Ibb,Violence against civilians,Attack,2,0,100857.0,Political violence,3687.0,14.0881,44.175
2024-07-13,Middle East,Yemen,Ibb,Violence against civilians,Attack,1,1,48923.0,Political violence,3687.0,14.0881,44.175
2024-08-03,Middle East,Yemen,Ibb,Violence against civilians,Attack,6,2,319056.0,Political violence,3687.0,14.0881,44.175
2024-08-10,Middle East,Yemen,Ibb,Violence against civilians,Attack,4,0,89628.0,Political violence,3687.0,14.0881,44.175
2024-08-17,Middle East,Yemen,Ibb,Violence against civilians,Attack,2,0,31314.0,Political violence,3687.0,14.0881,44.175
2024-08-24,Middle East,Yemen,Ibb,Violence against civilians,Attack,3,1,42697.0,Political violence,3687.0,14.0881,44.175
2024-09-07,Middle East,Yemen,Ibb,Violence against civilians,Attack,2,0,45405.0,Political violence,3687.0,14.0881,44.175
2024-09-14,Middle East,Yemen,Ibb,Violence against civilians,Attack,1,0,36455.0,Political violence,3687.0,14.0881,44.175
2024-09-21,Middle East,Yemen,Ibb,Violence against civilians,Attack,1,0,11449.0,Political violence,3687.0,14.0881,44.175
2024-10-19,Middle East,Yemen,Ibb,Violence against civilians,Attack,3,2,47178.0,Political violence,3687.0,14.0881,44.175
2024-11-02,Middle East,Yemen,Ibb,Violence against civilians,Attack,1,0,14330.0,Political violence,3687.0,14.0881,44.175
2024-11-09,Middle East,Yemen,Ibb,Violence against civilians,Attack,2,0,66882.0,Political violence,3687.0,14.0881,44.175
2024-11-23,Middle East,Yemen,Ibb,Violence against civilians,Attack,6,2,292967.0,Political violence,3687.0,14.0881,44.175
2024-12-07,Middle East,Yemen,Ibb,Violence against civilians,Attack,2,1,67132.0,Political violence,3687.0,14.0881,44.175
2024-12-14,Middle East,Yemen,Ibb,Violence against civilians,Attack,1,0,38683.0,Political violence,3687.0,14.0881,44.175
2024-12-21,Middle East,Yemen,Ibb,Violence against civilians,Attack,3,3,42663.0,Political violence,3687.0,14.0881,44.175
2024-12-28,Middle East,Yemen,Ibb,Violence against civilians,Attack,5,5,289989.0,Political violence,3687.0,14.0881,44.175
2025-01-04,Middle East,Yemen,Ibb,Violence against civilians,Attack,1,1,15841.0,Political violence,3687.0,14.0881,44.175
2025-01-11,Middle East,Yemen,Ibb,Violence against civilians,Attack,1,0,1700.0,Political violence,3687.0,14.0881,44.175
2025-01-25,Middle East,Yemen,Ibb,Violence against civilians,Attack,1,1,26742.0,Political violence,3687.0,14.0881,44.175
2025-02-01,Middle East,Yemen,Ibb,Violence against civilians,Attack,3,4,88586.0,Political violence,3687.0,14.0881,44.175
2025-02-15,Middle East,Yemen,Ibb,Violence against civilians,Attack,4,1,300126.0,Political violence,3687.0,14.0881,44.175
2025-03-01,Middle East,Yemen,Ibb,Violence against civilians,Attack,1,1,9472.0,Political violence,3687.0,14.0881,44.175
2025-03-08,Middle East,Yemen,Ibb,Violence against civilians,Attack,1,1,44855.0,Political violence,3687.0,14.0881,44.175
2025-03-15,Middle East,Yemen,Ibb,Violence against civilians,Attack,2,0,86943.0,Political violence,3687.0,14.0881,44.175
2025-03-22,Middle East,Yemen,Ibb,Violence against civilians,Attack,1,1,26414.0,Political violence,3687.0,14.0881,44.175
2025-04-19,Middle East,Yemen,Ibb,Violence against civilians,Attack,1,0,186138.0,Political violence,3687.0,14.0881,44.175
2025-04-26,Middle East,Yemen,Ibb,Violence against civilians,Attack,1,1,32216.0,Political violence,3687.0,14.0881,44.175
2025-05-03,Middle East,Yemen,Ibb,Violence against civilians,Attack,1,0,15300.0,Political violence,3687.0,14.0881,44.175
2025-05-10,Middle East,Yemen,Ibb,Violence against civilians,Attack,1,0,21747.0,Political violence,3687.0,14.0881,44.175
2025-05-17,Middle East,Yemen,Ibb,Violence against civilians,Attack,2,2,53088.0,Political violence,3687.0,14.0881,44.175
2025-05-24,Middle East,Yemen,Ibb,Violence against civilians,Attack,3,0,72863.0,Political violence,3687.0,14.0881,44.175
2025-06-07,Middle East,Yemen,Ibb,Violence against civilians,Attack,1,1,6331.0,Political violence,3687.0,14.0881,44.175
2025-06-28,Middle East,Yemen,Ibb,Violence against civilians,Attack,1,0,27553.0,Political violence,3687.0,14.0881,44.175
2025-07-05,Middle East,Yemen,Ibb,Violence against civilians,Attack,1,0,47507.0,Political violence,3687.0,14.0881,44.175
2025-07-26,Middle East,Yemen,Ibb,Violence against civilians,Attack,2,0,20456.0,Political violence,3687.0,14.0881,44.175
2025-08-23,Middle East,Yemen,Ibb,Violence against civilians,Attack,2,0,64774.0,Political violence,3687.0,14.0881,44.175
2025-08-30,Middle East,Yemen,Ibb,Violence against civilians,Attack,1,1,1662.0,Political violence,3687.0,14.0881,44.175
2025-09-06,Middle East,Yemen,Ibb,Violence against civilians,Attack,2,2,239969.0,Political violence,3687.0,14.0881,44.175
2025-09-20,Middle East,Yemen,Ibb,Violence against civilians,Attack,1,1,39483.0,Political violence,3687.0,14.0881,44.175
2025-10-11,Middle East,Yemen,Ibb,Violence against civilians,Attack,2,0,28487.0,Political violence,3687.0,14.0881,44.175
2025-10-18,Middle East,Yemen,Ibb,Violence against civilians,Attack,1,0,25334.0,Political violence,3687.0,14.0881,44.175
2025-11-29,Middle East,Yemen,Ibb,Violence against civilians,Attack,1,1,9658.0,Political violence,3687.0,14.0881,44.175
2025-12-13,Middle East,Yemen,Ibb,Violence against civilians,Attack,1,1,24154.0,Political violence,3687.0,14.0881,44.175
2025-12-20,Middle East,Yemen,Ibb,Violence against civilians,Attack,1,1,37333.0,Political violence,3687.0,14.0881,44.175
2025-12-27,Middle East,Yemen,Ibb,Violence against civilians,Attack,1,1,70771.0,Political violence,3687.0,14.0881,44.175
2026-01-10,Middle East,Yemen,Ibb,Violence against civilians,Attack,1,0,12569.0,Political violence,3687.0,14.0881,44.175
2026-01-17,Middle East,Yemen,Ibb,Violence against civilians,Attack,1,0,8495.0,Political violence,3687.0,14.0881,44.175
2026-01-24,Middle East,Yemen,Ibb,Violence against civilians,Attack,1,0,24851.0,Political violence,3687.0,14.0881,44.175
2026-02-07,Middle East,Yemen,Ibb,Violence against civilians,Attack,1,1,26165.0,Political violence,3687.0,14.0881,44.175
2026-02-14,Middle East,Yemen,Ibb,Violence against civilians,Attack,1,0,13697.0,Political violence,3687.0,14.0881,44.175
2026-02-28,Middle East,Yemen,Ibb,Violence against civilians,Attack,1,1,16849.0,Political violence,3687.0,14.0881,44.175
2026-03-28,Middle East,Yemen,Ibb,Violence against civilians,Attack,1,1,12148.0,Political violence,3687.0,14.0881,44.175
2026-04-04,Middle East,Yemen,Ibb,Violence against civilians,Attack,1,0,,Political violence,3687.0,14.0881,44.175
2026-04-11,Middle East,Yemen,Ibb,Violence against civilians,Attack,3,1,38942.0,Political violence,3687.0,14.0881,44.175
2026-04-18,Middle East,Yemen,Ibb,Violence against civilians,Attack,3,1,38526.0,Political violence,3687.0,14.0881,44.175
2023-10-07,Middle East,Yemen,Lahij,Battles,Armed clash,9,0,29177.0,Political violence,3688.0,13.3204,44.7623
2023-10-14,Middle East,Yemen,Lahij,Battles,Armed clash,6,5,333.0,Political violence,3688.0,13.3204,44.7623
2023-10-21,Middle East,Yemen,Lahij,Battles,Armed clash,9,2,33542.0,Political violence,3688.0,13.3204,44.7623
2023-10-28,Middle East,Yemen,Lahij,Battles,Armed clash,5,3,333.0,Political violence,3688.0,13.3204,44.7623
2023-11-04,Middle East,Yemen,Lahij,Battles,Armed clash,5,2,333.0,Political violence,3688.0,13.3204,44.7623
2023-11-11,Middle East,Yemen,Lahij,Battles,Armed clash,4,2,333.0,Political violence,3688.0,13.3204,44.7623
2023-11-18,Middle East,Yemen,Lahij,Battles,Armed clash,2,1,333.0,Political violence,3688.0,13.3204,44.7623
2023-12-02,Middle East,Yemen,Lahij,Battles,Armed clash,3,2,,Political violence,3688.0,13.3204,44.7623
2023-12-09,Middle East,Yemen,Lahij,Battles,Armed clash,9,5,26336.0,Political violence,3688.0,13.3204,44.7623
2023-12-16,Middle East,Yemen,Lahij,Battles,Armed clash,3,2,26336.0,Political violence,3688.0,13.3204,44.7623
2023-12-30,Middle East,Yemen,Lahij,Battles,Armed clash,3,1,47709.0,Political violence,3688.0,13.3204,44.7623
2024-01-06,Middle East,Yemen,Lahij,Battles,Armed clash,1,1,6313.0,Political violence,3688.0,13.3204,44.7623
2024-01-27,Middle East,Yemen,Lahij,Battles,Armed clash,3,3,1194.0,Political violence,3688.0,13.3204,44.7623
2024-02-03,Middle East,Yemen,Lahij,Battles,Armed clash,7,5,22408.0,Political violence,3688.0,13.3204,44.7623
2024-02-10,Middle East,Yemen,Lahij,Battles,Armed clash,8,4,40969.0,Political violence,3688.0,13.3204,44.7623
2024-02-17,Middle East,Yemen,Lahij,Battles,Armed clash,5,4,8278.0,Political violence,3688.0,13.3204,44.7623
2024-02-24,Middle East,Yemen,Lahij,Battles,Armed clash,10,13,22864.0,Political violence,3688.0,13.3204,44.7623
2024-03-02,Middle East,Yemen,Lahij,Battles,Armed clash,9,15,20099.0,Political violence,3688.0,13.3204,44.7623
2024-03-09,Middle East,Yemen,Lahij,Battles,Armed clash,5,5,99128.0,Political violence,3688.0,13.3204,44.7623
2024-03-16,Middle East,Yemen,Lahij,Battles,Armed clash,7,13,13649.0,Political violence,3688.0,13.3204,44.7623
2024-03-23,Middle East,Yemen,Lahij,Battles,Armed clash,10,15,13649.0,Political violence,3688.0,13.3204,44.7623
2024-03-30,Middle East,Yemen,Lahij,Battles,Armed clash,14,73,17474.0,Political violence,3688.0,13.3204,44.7623
2024-04-06,Middle East,Yemen,Lahij,Battles,Armed clash,13,21,17474.0,Political violence,3688.0,13.3204,44.7623
2024-04-13,Middle East,Yemen,Lahij,Battles,Armed clash,16,21,17474.0,Political violence,3688.0,13.3204,44.7623
2024-04-20,Middle East,Yemen,Lahij,Battles,Armed clash,15,20,41093.0,Political violence,3688.0,13.3204,44.7623
2024-04-27,Middle East,Yemen,Lahij,Battles,Armed clash,8,12,28799.0,Political violence,3688.0,13.3204,44.7623
2024-05-04,Middle East,Yemen,Lahij,Battles,Armed clash,13,24,31608.0,Political violence,3688.0,13.3204,44.7623
2024-05-11,Middle East,Yemen,Lahij,Battles,Armed clash,9,3,22601.0,Political violence,3688.0,13.3204,44.7623
2024-05-18,Middle East,Yemen,Lahij,Battles,Armed clash,6,6,1267.0,Political violence,3688.0,13.3204,44.7623
2024-05-25,Middle East,Yemen,Lahij,Battles,Armed clash,7,20,22787.0,Political violence,3688.0,13.3204,44.7623
2024-06-01,Middle East,Yemen,Lahij,Battles,Armed clash,12,44,30840.0,Political violence,3688.0,13.3204,44.7623
2024-06-08,Middle East,Yemen,Lahij,Battles,Armed clash,13,18,31029.0,Political violence,3688.0,13.3204,44.7623
2024-06-15,Middle East,Yemen,Lahij,Battles,Armed clash,6,8,20944.0,Political violence,3688.0,13.3204,44.7623
2024-06-22,Middle East,Yemen,Lahij,Battles,Armed clash,10,6,27113.0,Political violence,3688.0,13.3204,44.7623
2024-06-29,Middle East,Yemen,Lahij,Battles,Armed clash,9,13,30825.0,Political violence,3688.0,13.3204,44.7623
2024-07-06,Middle East,Yemen,Lahij,Battles,Armed clash,9,4,20929.0,Political violence,3688.0,13.3204,44.7623
2024-07-13,Middle East,Yemen,Lahij,Battles,Armed clash,10,4,21118.0,Political violence,3688.0,13.3204,44.7623
2024-07-20,Middle East,Yemen,Lahij,Battles,Armed clash,9,5,20929.0,Political violence,3688.0,13.3204,44.7623
2024-07-27,Middle East,Yemen,Lahij,Battles,Armed clash,6,4,20929.0,Political violence,3688.0,13.3204,44.7623
2024-08-03,Middle East,Yemen,Lahij,Battles,Armed clash,5,2,14618.0,Political violence,3688.0,13.3204,44.7623
2024-08-10,Middle East,Yemen,Lahij,Battles,Armed clash,7,3,21118.0,Political violence,3688.0,13.3204,44.7623
2024-08-17,Middle East,Yemen,Lahij,Battles,Armed clash,9,6,124576.0,Political violence,3688.0,13.3204,44.7623
2024-08-24,Middle East,Yemen,Lahij,Battles,Armed clash,4,4,14618.0,Political violence,3688.0,13.3204,44.7623
2024-08-31,Middle East,Yemen,Lahij,Battles,Armed clash,7,1,48178.0,Political violence,3688.0,13.3204,44.7623
2024-09-07,Middle East,Yemen,Lahij,Battles,Armed clash,11,17,51638.0,Political violence,3688.0,13.3204,44.7623
2024-09-14,Middle East,Yemen,Lahij,Battles,Armed clash,21,46,152573.0,Political violence,3688.0,13.3204,44.7623
2024-09-21,Middle East,Yemen,Lahij,Battles,Armed clash,17,29,49252.0,Political violence,3688.0,13.3204,44.7623
2024-09-28,Middle East,Yemen,Lahij,Battles,Armed clash,16,31,22239.0,Political violence,3688.0,13.3204,44.7623
2024-10-05,Middle East,Yemen,Lahij,Battles,Armed clash,19,15,22239.0,Political violence,3688.0,13.3204,44.7623
2024-10-12,Middle East,Yemen,Lahij,Battles,Armed clash,18,21,22239.0,Political violence,3688.0,13.3204,44.7623
2024-10-19,Middle East,Yemen,Lahij,Battles,Armed clash,10,11,22239.0,Political violence,3688.0,13.3204,44.7623
2024-10-26,Middle East,Yemen,Lahij,Battles,Armed clash,9,7,21491.0,Political violence,3688.0,13.3204,44.7623
2024-11-02,Middle East,Yemen,Lahij,Battles,Armed clash,8,7,22227.0,Political violence,3688.0,13.3204,44.7623
2024-11-09,Middle East,Yemen,Lahij,Battles,Armed clash,10,14,8965.0,Political violence,3688.0,13.3204,44.7623
2024-11-16,Middle East,Yemen,Lahij,Battles,Armed clash,7,2,22227.0,Political violence,3688.0,13.3204,44.7623
2024-11-23,Middle East,Yemen,Lahij,Battles,Armed clash,9,2,22931.0,Political violence,3688.0,13.3204,44.7623
2024-11-30,Middle East,Yemen,Lahij,Battles,Armed clash,10,8,23822.0,Political violence,3688.0,13.3204,44.7623
2024-12-07,Middle East,Yemen,Lahij,Battles,Armed clash,9,9,9667.0,Political violence,3688.0,13.3204,44.7623
2024-12-14,Middle East,Yemen,Lahij,Battles,Armed clash,12,29,17372.0,Political violence,3688.0,13.3204,44.7623
2024-12-21,Middle East,Yemen,Lahij,Battles,Armed clash,8,14,9667.0,Political violence,3688.0,13.3204,44.7623
2024-12-28,Middle East,Yemen,Lahij,Battles,Armed clash,10,19,66523.0,Political violence,3688.0,13.3204,44.7623
2025-01-04,Middle East,Yemen,Lahij,Battles,Armed clash,8,8,78427.0,Political violence,3688.0,13.3204,44.7623
2025-01-11,Middle East,Yemen,Lahij,Battles,Armed clash,10,5,28427.0,Political violence,3688.0,13.3204,44.7623
2025-01-18,Middle East,Yemen,Lahij,Battles,Armed clash,10,5,67206.0,Political violence,3688.0,13.3204,44.7623
2025-01-25,Middle East,Yemen,Lahij,Battles,Armed clash,7,1,60551.0,Political violence,3688.0,13.3204,44.7623
2025-02-01,Middle East,Yemen,Lahij,Battles,Armed clash,14,9,242052.0,Political violence,3688.0,13.3204,44.7623
2025-02-08,Middle East,Yemen,Lahij,Battles,Armed clash,12,5,67181.0,Political violence,3688.0,13.3204,44.7623
2025-02-15,Middle East,Yemen,Lahij,Battles,Armed clash,9,4,60526.0,Political violence,3688.0,13.3204,44.7623
2025-02-22,Middle East,Yemen,Lahij,Battles,Armed clash,6,6,9298.0,Political violence,3688.0,13.3204,44.7623
2025-03-01,Middle East,Yemen,Lahij,Battles,Armed clash,9,4,68497.0,Political violence,3688.0,13.3204,44.7623
2025-03-08,Middle East,Yemen,Lahij,Battles,Armed clash,8,2,24301.0,Political violence,3688.0,13.3204,44.7623
2025-03-15,Middle East,Yemen,Lahij,Battles,Armed clash,7,0,61901.0,Political violence,3688.0,13.3204,44.7623
2025-03-22,Middle East,Yemen,Lahij,Battles,Armed clash,7,1,61901.0,Political violence,3688.0,13.3204,44.7623
2025-03-29,Middle East,Yemen,Lahij,Battles,Armed clash,19,42,64346.0,Political violence,3688.0,13.3204,44.7623
2025-04-05,Middle East,Yemen,Lahij,Battles,Armed clash,13,7,20091.0,Political violence,3688.0,13.3204,44.7623
2025-04-12,Middle East,Yemen,Lahij,Battles,Armed clash,11,3,53314.0,Political violence,3688.0,13.3204,44.7623
2025-04-19,Middle East,Yemen,Lahij,Battles,Armed clash,11,12,60375.0,Political violence,3688.0,13.3204,44.7623
2025-04-26,Middle East,Yemen,Lahij,Battles,Armed clash,17,22,48402.0,Political violence,3688.0,13.3204,44.7623
2025-05-03,Middle East,Yemen,Lahij,Battles,Armed clash,14,23,19999.0,Political violence,3688.0,13.3204,44.7623
2025-05-10,Middle East,Yemen,Lahij,Battles,Armed clash,9,7,19805.0,Political violence,3688.0,13.3204,44.7623
2025-05-17,Middle East,Yemen,Lahij,Battles,Armed clash,10,0,20527.0,Political violence,3688.0,13.3204,44.7623
2025-05-24,Middle East,Yemen,Lahij,Battles,Armed clash,13,16,100618.0,Political violence,3688.0,13.3204,44.7623
2025-05-31,Middle East,Yemen,Lahij,Battles,Armed clash,7,0,57405.0,Political violence,3688.0,13.3204,44.7623
2025-06-07,Middle East,Yemen,Lahij,Battles,Armed clash,7,0,57405.0,Political violence,3688.0,13.3204,44.7623
2025-06-14,Middle East,Yemen,Lahij,Battles,Armed clash,7,3,62666.0,Political violence,3688.0,13.3204,44.7623
2025-06-21,Middle East,Yemen,Lahij,Battles,Armed clash,5,0,13150.0,Political violence,3688.0,13.3204,44.7623
2025-06-28,Middle East,Yemen,Lahij,Battles,Armed clash,7,0,57405.0,Political violence,3688.0,13.3204,44.7623
2025-07-05,Middle East,Yemen,Lahij,Battles,Armed clash,10,12,14059.0,Political violence,3688.0,13.3204,44.7623
2025-07-12,Middle East,Yemen,Lahij,Battles,Armed clash,7,1,19992.0,Political violence,3688.0,13.3204,44.7623
2025-07-19,Middle East,Yemen,Lahij,Battles,Armed clash,4,2,53028.0,Political violence,3688.0,13.3204,44.7623
2025-07-26,Middle East,Yemen,Lahij,Battles,Armed clash,6,3,13337.0,Political violence,3688.0,13.3204,44.7623
2025-08-02,Middle East,Yemen,Lahij,Battles,Armed clash,11,11,63446.0,Political violence,3688.0,13.3204,44.7623
2025-08-09,Middle East,Yemen,Lahij,Battles,Armed clash,9,2,22130.0,Political violence,3688.0,13.3204,44.7623
2025-08-16,Middle East,Yemen,Lahij,Battles,Armed clash,7,4,24760.0,Political violence,3688.0,13.3204,44.7623
2025-08-23,Middle East,Yemen,Lahij,Battles,Armed clash,4,3,14081.0,Political violence,3688.0,13.3204,44.7623
2025-08-30,Middle East,Yemen,Lahij,Battles,Armed clash,4,0,14081.0,Political violence,3688.0,13.3204,44.7623
2025-09-06,Middle East,Yemen,Lahij,Battles,Armed clash,3,0,14081.0,Political violence,3688.0,13.3204,44.7623
2025-09-13,Middle East,Yemen,Lahij,Battles,Armed clash,4,0,2118.0,Political violence,3688.0,13.3204,44.7623
2025-09-20,Middle East,Yemen,Lahij,Battles,Armed clash,2,0,2118.0,Political violence,3688.0,13.3204,44.7623
2025-09-27,Middle East,Yemen,Lahij,Battles,Armed clash,7,4,34747.0,Political violence,3688.0,13.3204,44.7623
2025-10-04,Middle East,Yemen,Lahij,Battles,Armed clash,6,2,69153.0,Political violence,3688.0,13.3204,44.7623
2025-10-11,Middle East,Yemen,Lahij,Battles,Armed clash,3,2,2118.0,Political violence,3688.0,13.3204,44.7623
2025-10-18,Middle East,Yemen,Lahij,Battles,Armed clash,4,1,20260.0,Political violence,3688.0,13.3204,44.7623
2025-10-25,Middle East,Yemen,Lahij,Battles,Armed clash,5,6,20260.0,Political violence,3688.0,13.3204,44.7623
2025-11-01,Middle East,Yemen,Lahij,Battles,Armed clash,7,5,16197.0,Political violence,3688.0,13.3204,44.7623
2025-11-08,Middle East,Yemen,Lahij,Battles,Armed clash,3,0,2118.0,Political violence,3688.0,13.3204,44.7623
2025-11-15,Middle East,Yemen,Lahij,Battles,Armed clash,6,2,15475.0,Political violence,3688.0,13.3204,44.7623
2025-11-22,Middle East,Yemen,Lahij,Battles,Armed clash,3,7,14081.0,Political violence,3688.0,13.3204,44.7623
2025-11-29,Middle East,Yemen,Lahij,Battles,Armed clash,6,1,32616.0,Political violence,3688.0,13.3204,44.7623
2025-12-06,Middle East,Yemen,Lahij,Battles,Armed clash,1,0,1394.0,Political violence,3688.0,13.3204,44.7623
2025-12-13,Middle East,Yemen,Lahij,Battles,Armed clash,3,3,18866.0,Political violence,3688.0,13.3204,44.7623
2025-12-20,Middle East,Yemen,Lahij,Battles,Armed clash,5,6,19259.0,Political violence,3688.0,13.3204,44.7623
2025-12-27,Middle East,Yemen,Lahij,Battles,Armed clash,2,3,2135.0,Political violence,3688.0,13.3204,44.7623
2026-01-03,Middle East,Yemen,Lahij,Battles,Armed clash,9,9,249696.0,Political violence,3688.0,13.3204,44.7623
2026-01-10,Middle East,Yemen,Lahij,Battles,Armed clash,2,11,70502.0,Political violence,3688.0,13.3204,44.7623
2026-01-17,Middle East,Yemen,Lahij,Battles,Armed clash,3,0,3848.0,Political violence,3688.0,13.3204,44.7623
2026-01-24,Middle East,Yemen,Lahij,Battles,Armed clash,2,1,1509.0,Political violence,3688.0,13.3204,44.7623
2026-01-31,Middle East,Yemen,Lahij,Battles,Armed clash,4,0,18183.0,Political violence,3688.0,13.3204,44.7623
2026-02-07,Middle East,Yemen,Lahij,Battles,Armed clash,2,0,2250.0,Political violence,3688.0,13.3204,44.7623
2026-02-21,Middle East,Yemen,Lahij,Battles,Armed clash,4,0,2250.0,Political violence,3688.0,13.3204,44.7623
2026-02-28,Middle East,Yemen,Lahij,Battles,Armed clash,2,2,17108.0,Political violence,3688.0,13.3204,44.7623
2026-03-07,Middle East,Yemen,Lahij,Battles,Armed clash,1,0,1509.0,Political violence,3688.0,13.3204,44.7623
2026-03-14,Middle East,Yemen,Lahij,Battles,Armed clash,3,15,4923.0,Political violence,3688.0,13.3204,44.7623
2026-03-21,Middle East,Yemen,Lahij,Battles,Armed clash,4,3,17108.0,Political violence,3688.0,13.3204,44.7623
2026-03-28,Middle East,Yemen,Lahij,Battles,Armed clash,4,9,48583.0,Political violence,3688.0,13.3204,44.7623
2026-04-04,Middle East,Yemen,Lahij,Battles,Armed clash,4,3,37678.0,Political violence,3688.0,13.3204,44.7623
2026-04-11,Middle East,Yemen,Lahij,Battles,Armed clash,2,1,,Political violence,3688.0,13.3204,44.7623
2026-04-18,Middle East,Yemen,Lahij,Battles,Armed clash,1,0,17533.0,Political violence,3688.0,13.3204,44.7623
2023-10-21,Middle East,Yemen,Lahij,Explosions/Remote violence,Air/drone strike,1,0,30295.0,Political violence,3688.0,13.3204,44.7623
2023-12-30,Middle East,Yemen,Lahij,Explosions/Remote violence,Air/drone strike,1,2,39037.0,Political violence,3688.0,13.3204,44.7623
2024-04-06,Middle East,Yemen,Lahij,Explosions/Remote violence,Air/drone strike,1,2,6311.0,Political violence,3688.0,13.3204,44.7623
2024-11-09,Middle East,Yemen,Lahij,Explosions/Remote violence,Air/drone strike,1,0,2074.0,Political violence,3688.0,13.3204,44.7623
2025-05-10,Middle East,Yemen,Lahij,Explosions/Remote violence,Air/drone strike,1,0,11032.0,Political violence,3688.0,13.3204,44.7623
2025-08-23,Middle East,Yemen,Lahij,Explosions/Remote violence,Air/drone strike,2,2,13357.0,Political violence,3688.0,13.3204,44.7623
2025-10-04,Middle East,Yemen,Lahij,Explosions/Remote violence,Air/drone strike,3,1,11953.0,Political violence,3688.0,13.3204,44.7623
2025-11-01,Middle East,Yemen,Lahij,Explosions/Remote violence,Air/drone strike,1,0,7168.0,Political violence,3688.0,13.3204,44.7623
2025-12-06,Middle East,Yemen,Lahij,Explosions/Remote violence,Air/drone strike,1,0,33322.0,Political violence,3688.0,13.3204,44.7623
2025-12-13,Middle East,Yemen,Lahij,Explosions/Remote violence,Air/drone strike,1,1,13357.0,Political violence,3688.0,13.3204,44.7623
2025-12-20,Middle East,Yemen,Lahij,Explosions/Remote violence,Air/drone strike,1,1,13357.0,Political violence,3688.0,13.3204,44.7623
2026-01-03,Middle East,Yemen,Lahij,Explosions/Remote violence,Air/drone strike,1,0,45262.0,Political violence,3688.0,13.3204,44.7623
2026-02-21,Middle East,Yemen,Lahij,Explosions/Remote violence,Air/drone strike,1,1,4923.0,Political violence,3688.0,13.3204,44.7623
2023-10-14,Middle East,Yemen,Lahij,Explosions/Remote violence,Shelling/artillery/missile attack,1,1,333.0,Political violence,3688.0,13.3204,44.7623
2024-01-13,Middle East,Yemen,Lahij,Explosions/Remote violence,Shelling/artillery/missile attack,1,0,27097.0,Political violence,3688.0,13.3204,44.7623
2024-02-10,Middle East,Yemen,Lahij,Explosions/Remote violence,Shelling/artillery/missile attack,1,0,6311.0,Political violence,3688.0,13.3204,44.7623
2024-04-13,Middle East,Yemen,Lahij,Explosions/Remote violence,Shelling/artillery/missile attack,1,3,6311.0,Political violence,3688.0,13.3204,44.7623
2024-08-10,Middle East,Yemen,Lahij,Explosions/Remote violence,Shelling/artillery/missile attack,1,0,6311.0,Political violence,3688.0,13.3204,44.7623
2024-09-21,Middle East,Yemen,Lahij,Explosions/Remote violence,Shelling/artillery/missile attack,1,0,704.0,Political violence,3688.0,13.3204,44.7623
2024-09-28,Middle East,Yemen,Lahij,Explosions/Remote violence,Shelling/artillery/missile attack,1,0,14155.0,Political violence,3688.0,13.3204,44.7623
2024-10-05,Middle East,Yemen,Lahij,Explosions/Remote violence,Shelling/artillery/missile attack,1,0,704.0,Political violence,3688.0,13.3204,44.7623
2024-10-12,Middle East,Yemen,Lahij,Explosions/Remote violence,Shelling/artillery/missile attack,1,0,704.0,Political violence,3688.0,13.3204,44.7623
2024-10-19,Middle East,Yemen,Lahij,Explosions/Remote violence,Shelling/artillery/missile attack,1,0,704.0,Political violence,3688.0,13.3204,44.7623
2024-11-30,Middle East,Yemen,Lahij,Explosions/Remote violence,Shelling/artillery/missile attack,1,0,704.0,Political violence,3688.0,13.3204,44.7623
2025-02-01,Middle East,Yemen,Lahij,Explosions/Remote violence,Shelling/artillery/missile attack,1,0,10590.0,Political violence,3688.0,13.3204,44.7623
2025-04-05,Middle East,Yemen,Lahij,Explosions/Remote violence,Shelling/artillery/missile attack,1,0,18809.0,Political violence,3688.0,13.3204,44.7623
2025-04-26,Middle East,Yemen,Lahij,Explosions/Remote violence,Shelling/artillery/missile attack,1,0,30915.0,Political violence,3688.0,13.3204,44.7623
2025-05-03,Middle East,Yemen,Lahij,Explosions/Remote violence,Shelling/artillery/missile attack,1,1,722.0,Political violence,3688.0,13.3204,44.7623
2025-05-17,Middle East,Yemen,Lahij,Explosions/Remote violence,Shelling/artillery/missile attack,2,0,24182.0,Political violence,3688.0,13.3204,44.7623
2025-05-24,Middle East,Yemen,Lahij,Explosions/Remote violence,Shelling/artillery/missile attack,1,1,722.0,Political violence,3688.0,13.3204,44.7623
2025-07-05,Middle East,Yemen,Lahij,Explosions/Remote violence,Shelling/artillery/missile attack,1,0,9638.0,Political violence,3688.0,13.3204,44.7623
2025-07-19,Middle East,Yemen,Lahij,Explosions/Remote violence,Shelling/artillery/missile attack,1,3,6655.0,Political violence,3688.0,13.3204,44.7623
2025-10-25,Middle East,Yemen,Lahij,Explosions/Remote violence,Shelling/artillery/missile attack,2,0,7168.0,Political violence,3688.0,13.3204,44.7623
2025-11-08,Middle East,Yemen,Lahij,Explosions/Remote violence,Shelling/artillery/missile attack,4,0,20525.0,Political violence,3688.0,13.3204,44.7623
2025-11-29,Middle East,Yemen,Lahij,Explosions/Remote violence,Shelling/artillery/missile attack,1,0,10095.0,Political violence,3688.0,13.3204,44.7623
2025-12-20,Middle East,Yemen,Lahij,Explosions/Remote violence,Shelling/artillery/missile attack,1,0,45.0,Political violence,3688.0,13.3204,44.7623
2026-01-03,Middle East,Yemen,Lahij,Explosions/Remote violence,Shelling/artillery/missile attack,1,0,10586.0,Political violence,3688.0,13.3204,44.7623
2026-01-10,Middle East,Yemen,Lahij,Explosions/Remote violence,Shelling/artillery/missile attack,1,1,3061.0,Political violence,3688.0,13.3204,44.7623
2026-01-31,Middle East,Yemen,Lahij,Explosions/Remote violence,Shelling/artillery/missile attack,1,0,4923.0,Political violence,3688.0,13.3204,44.7623
2026-02-28,Middle East,Yemen,Lahij,Explosions/Remote violence,Shelling/artillery/missile attack,1,0,1609.0,Political violence,3688.0,13.3204,44.7623
2026-04-18,Middle East,Yemen,Lahij,Explosions/Remote violence,Shelling/artillery/missile attack,1,1,,Political violence,3688.0,13.3204,44.7623
2023-10-14,Middle East,Yemen,Lahij,Violence against civilians,Abduction/forced disappearance,1,0,16200.0,Political violence,3688.0,13.3204,44.7623
2024-04-27,Middle East,Yemen,Lahij,Violence against civilians,Abduction/forced disappearance,1,0,37749.0,Political violence,3688.0,13.3204,44.7623
2024-05-04,Middle East,Yemen,Lahij,Violence against civilians,Abduction/forced disappearance,2,0,3231.0,Political violence,3688.0,13.3204,44.7623
2024-06-08,Middle East,Yemen,Lahij,Violence against civilians,Abduction/forced disappearance,1,0,9898.0,Political violence,3688.0,13.3204,44.7623
2024-07-27,Middle East,Yemen,Lahij,Violence against civilians,Abduction/forced disappearance,1,0,19157.0,Political violence,3688.0,13.3204,44.7623
2024-08-03,Middle East,Yemen,Lahij,Violence against civilians,Abduction/forced disappearance,2,0,15782.0,Political violence,3688.0,13.3204,44.7623
2024-08-31,Middle East,Yemen,Lahij,Violence against civilians,Abduction/forced disappearance,1,0,2332.0,Political violence,3688.0,13.3204,44.7623
2025-01-18,Middle East,Yemen,Lahij,Violence against civilians,Abduction/forced disappearance,1,0,5255.0,Political violence,3688.0,13.3204,44.7623
2025-03-01,Middle East,Yemen,Lahij,Violence against civilians,Abduction/forced disappearance,1,0,55783.0,Political violence,3688.0,13.3204,44.7623
2025-08-30,Middle East,Yemen,Lahij,Violence against civilians,Abduction/forced disappearance,1,0,55783.0,Political violence,3688.0,13.3204,44.7623
2025-09-13,Middle East,Yemen,Lahij,Violence against civilians,Abduction/forced disappearance,1,0,55783.0,Political violence,3688.0,13.3204,44.7623
2025-11-22,Middle East,Yemen,Lahij,Violence against civilians,Abduction/forced disappearance,2,0,,Political violence,3688.0,13.3204,44.7623
2025-11-29,Middle East,Yemen,Lahij,Violence against civilians,Abduction/forced disappearance,2,0,11248.0,Political violence,3688.0,13.3204,44.7623
2025-12-06,Middle East,Yemen,Lahij,Violence against civilians,Abduction/forced disappearance,1,0,13336.0,Political violence,3688.0,13.3204,44.7623
2026-04-04,Middle East,Yemen,Lahij,Violence against civilians,Abduction/forced disappearance,1,0,25535.0,Political violence,3688.0,13.3204,44.7623
2026-04-18,Middle East,Yemen,Lahij,Violence against civilians,Abduction/forced disappearance,1,0,,Political violence,3688.0,13.3204,44.7623
2023-12-09,Middle East,Yemen,Lahij,Violence against civilians,Attack,1,0,40241.0,Political violence,3688.0,13.3204,44.7623
2023-12-16,Middle East,Yemen,Lahij,Violence against civilians,Attack,1,1,44673.0,Political violence,3688.0,13.3204,44.7623
2023-12-30,Middle East,Yemen,Lahij,Violence against civilians,Attack,1,3,44673.0,Political violence,3688.0,13.3204,44.7623
2024-01-20,Middle East,Yemen,Lahij,Violence against civilians,Attack,1,1,20272.0,Political violence,3688.0,13.3204,44.7623
2024-02-03,Middle East,Yemen,Lahij,Violence against civilians,Attack,1,1,4726.0,Political violence,3688.0,13.3204,44.7623
2024-03-09,Middle East,Yemen,Lahij,Violence against civilians,Attack,1,1,85479.0,Political violence,3688.0,13.3204,44.7623
2024-08-31,Middle East,Yemen,Lahij,Violence against civilians,Attack,1,1,31007.0,Political violence,3688.0,13.3204,44.7623
2024-09-07,Middle East,Yemen,Lahij,Violence against civilians,Attack,1,1,42348.0,Political violence,3688.0,13.3204,44.7623
2024-09-28,Middle East,Yemen,Lahij,Violence against civilians,Attack,1,0,17.0,Political violence,3688.0,13.3204,44.7623
2024-11-16,Middle East,Yemen,Lahij,Violence against civilians,Attack,2,1,59662.0,Political violence,3688.0,13.3204,44.7623
2024-11-30,Middle East,Yemen,Lahij,Violence against civilians,Attack,1,1,6412.0,Political violence,3688.0,13.3204,44.7623
2025-01-18,Middle East,Yemen,Lahij,Violence against civilians,Attack,2,0,5255.0,Political violence,3688.0,13.3204,44.7623
2025-02-01,Middle East,Yemen,Lahij,Violence against civilians,Attack,2,3,35776.0,Political violence,3688.0,13.3204,44.7623
2025-04-26,Middle East,Yemen,Lahij,Violence against civilians,Attack,1,0,34970.0,Political violence,3688.0,13.3204,44.7623
2025-05-10,Middle East,Yemen,Lahij,Violence against civilians,Attack,1,1,5605.0,Political violence,3688.0,13.3204,44.7623
2025-05-17,Middle East,Yemen,Lahij,Violence against civilians,Attack,1,1,5605.0,Political violence,3688.0,13.3204,44.7623
2025-06-21,Middle East,Yemen,Lahij,Violence against civilians,Attack,1,0,1480.0,Political violence,3688.0,13.3204,44.7623
2025-07-19,Middle East,Yemen,Lahij,Violence against civilians,Attack,1,1,9638.0,Political violence,3688.0,13.3204,44.7623
2025-10-04,Middle East,Yemen,Lahij,Violence against civilians,Attack,1,0,1480.0,Political violence,3688.0,13.3204,44.7623
2025-11-29,Middle East,Yemen,Lahij,Violence against civilians,Attack,1,0,7012.0,Political violence,3688.0,13.3204,44.7623
2026-02-21,Middle East,Yemen,Lahij,Violence against civilians,Attack,1,0,58460.0,Political violence,3688.0,13.3204,44.7623
2023-10-14,Middle East,Yemen,Marib,Battles,Armed clash,2,3,57073.0,Political violence,3689.0,15.3329,45.4523
2023-10-21,Middle East,Yemen,Marib,Battles,Armed clash,1,0,1817.0,Political violence,3689.0,15.3329,45.4523
2023-10-28,Middle East,Yemen,Marib,Battles,Armed clash,1,3,9.0,Political violence,3689.0,15.3329,45.4523
2023-11-04,Middle East,Yemen,Marib,Battles,Armed clash,3,11,41.0,Political violence,3689.0,15.3329,45.4523
2023-11-18,Middle East,Yemen,Marib,Battles,Armed clash,3,13,8560.0,Political violence,3689.0,15.3329,45.4523
2023-12-09,Middle East,Yemen,Marib,Battles,Armed clash,2,3,3692.0,Political violence,3689.0,15.3329,45.4523
2023-12-16,Middle East,Yemen,Marib,Battles,Armed clash,2,5,1910.0,Political violence,3689.0,15.3329,45.4523
2023-12-23,Middle East,Yemen,Marib,Battles,Armed clash,1,3,6058.0,Political violence,3689.0,15.3329,45.4523
2023-12-30,Middle East,Yemen,Marib,Battles,Armed clash,1,0,19.0,Political violence,3689.0,15.3329,45.4523
2024-01-06,Middle East,Yemen,Marib,Battles,Armed clash,2,13,34268.0,Political violence,3689.0,15.3329,45.4523
2024-01-27,Middle East,Yemen,Marib,Battles,Armed clash,4,21,35192.0,Political violence,3689.0,15.3329,45.4523
2024-02-03,Middle East,Yemen,Marib,Battles,Armed clash,7,14,2528.0,Political violence,3689.0,15.3329,45.4523
2024-02-10,Middle East,Yemen,Marib,Battles,Armed clash,2,11,73.0,Political violence,3689.0,15.3329,45.4523
2024-02-24,Middle East,Yemen,Marib,Battles,Armed clash,4,2,4806.0,Political violence,3689.0,15.3329,45.4523
2024-03-02,Middle East,Yemen,Marib,Battles,Armed clash,2,3,48187.0,Political violence,3689.0,15.3329,45.4523
2024-03-09,Middle East,Yemen,Marib,Battles,Armed clash,1,0,427.0,Political violence,3689.0,15.3329,45.4523
2024-03-16,Middle East,Yemen,Marib,Battles,Armed clash,2,2,103322.0,Political violence,3689.0,15.3329,45.4523
2024-03-23,Middle East,Yemen,Marib,Battles,Armed clash,2,9,72.0,Political violence,3689.0,15.3329,45.4523
2024-03-30,Middle East,Yemen,Marib,Battles,Armed clash,1,0,2759.0,Political violence,3689.0,15.3329,45.4523
2024-04-06,Middle East,Yemen,Marib,Battles,Armed clash,1,3,2441.0,Political violence,3689.0,15.3329,45.4523
2024-04-13,Middle East,Yemen,Marib,Battles,Armed clash,1,0,2441.0,Political violence,3689.0,15.3329,45.4523
2024-04-20,Middle East,Yemen,Marib,Battles,Armed clash,2,0,30020.0,Political violence,3689.0,15.3329,45.4523
2024-04-27,Middle East,Yemen,Marib,Battles,Armed clash,1,0,2441.0,Political violence,3689.0,15.3329,45.4523
2024-05-11,Middle East,Yemen,Marib,Battles,Armed clash,1,10,29603.0,Political violence,3689.0,15.3329,45.4523
2024-05-18,Middle East,Yemen,Marib,Battles,Armed clash,2,3,5421.0,Political violence,3689.0,15.3329,45.4523
2024-05-25,Middle East,Yemen,Marib,Battles,Armed clash,1,1,1873.0,Political violence,3689.0,15.3329,45.4523
2024-06-29,Middle East,Yemen,Marib,Battles,Armed clash,6,4,7359.0,Political violence,3689.0,15.3329,45.4523
2024-07-06,Middle East,Yemen,Marib,Battles,Armed clash,2,4,5362.0,Political violence,3689.0,15.3329,45.4523
2024-07-20,Middle East,Yemen,Marib,Battles,Armed clash,1,3,58.0,Political violence,3689.0,15.3329,45.4523
2024-08-10,Middle East,Yemen,Marib,Battles,Armed clash,2,4,5531.0,Political violence,3689.0,15.3329,45.4523
2024-08-31,Middle East,Yemen,Marib,Battles,Armed clash,1,1,1423.0,Political violence,3689.0,15.3329,45.4523
2024-09-21,Middle East,Yemen,Marib,Battles,Armed clash,1,0,4006.0,Political violence,3689.0,15.3329,45.4523
2024-10-12,Middle East,Yemen,Marib,Battles,Armed clash,1,0,5447.0,Political violence,3689.0,15.3329,45.4523
2024-10-19,Middle East,Yemen,Marib,Battles,Armed clash,1,10,4998.0,Political violence,3689.0,15.3329,45.4523
2024-10-26,Middle East,Yemen,Marib,Battles,Armed clash,1,1,3337.0,Political violence,3689.0,15.3329,45.4523
2024-11-09,Middle East,Yemen,Marib,Battles,Armed clash,2,5,5481.0,Political violence,3689.0,15.3329,45.4523
2024-11-16,Middle East,Yemen,Marib,Battles,Armed clash,1,1,978.0,Political violence,3689.0,15.3329,45.4523
2024-11-23,Middle East,Yemen,Marib,Battles,Armed clash,2,0,5447.0,Political violence,3689.0,15.3329,45.4523
2024-12-28,Middle East,Yemen,Marib,Battles,Armed clash,1,1,8932.0,Political violence,3689.0,15.3329,45.4523
2025-01-04,Middle East,Yemen,Marib,Battles,Armed clash,8,3,4958.0,Political violence,3689.0,15.3329,45.4523
2025-01-11,Middle East,Yemen,Marib,Battles,Armed clash,7,6,6715.0,Political violence,3689.0,15.3329,45.4523
2025-01-18,Middle East,Yemen,Marib,Battles,Armed clash,3,3,4105.0,Political violence,3689.0,15.3329,45.4523
2025-01-25,Middle East,Yemen,Marib,Battles,Armed clash,7,5,47814.0,Political violence,3689.0,15.3329,45.4523
2025-02-01,Middle East,Yemen,Marib,Battles,Armed clash,5,0,8725.0,Political violence,3689.0,15.3329,45.4523
2025-02-08,Middle East,Yemen,Marib,Battles,Armed clash,5,8,1107.0,Political violence,3689.0,15.3329,45.4523
2025-02-15,Middle East,Yemen,Marib,Battles,Armed clash,7,34,8865.0,Political violence,3689.0,15.3329,45.4523
2025-02-22,Middle East,Yemen,Marib,Battles,Armed clash,2,3,2096.0,Political violence,3689.0,15.3329,45.4523
2025-03-01,Middle East,Yemen,Marib,Battles,Armed clash,11,34,21607.0,Political violence,3689.0,15.3329,45.4523
2025-03-08,Middle East,Yemen,Marib,Battles,Armed clash,12,14,117128.0,Political violence,3689.0,15.3329,45.4523
2025-03-15,Middle East,Yemen,Marib,Battles,Armed clash,4,5,10132.0,Political violence,3689.0,15.3329,45.4523
2025-03-22,Middle East,Yemen,Marib,Battles,Armed clash,1,7,1175.0,Political violence,3689.0,15.3329,45.4523
2025-04-05,Middle East,Yemen,Marib,Battles,Armed clash,2,2,9184.0,Political violence,3689.0,15.3329,45.4523
2025-04-19,Middle East,Yemen,Marib,Battles,Armed clash,1,10,35.0,Political violence,3689.0,15.3329,45.4523
2025-04-26,Middle East,Yemen,Marib,Battles,Armed clash,2,0,16527.0,Political violence,3689.0,15.3329,45.4523
2025-05-03,Middle East,Yemen,Marib,Battles,Armed clash,4,23,5147.0,Political violence,3689.0,15.3329,45.4523
2025-05-17,Middle East,Yemen,Marib,Battles,Armed clash,3,1,40489.0,Political violence,3689.0,15.3329,45.4523
2025-05-24,Middle East,Yemen,Marib,Battles,Armed clash,3,4,56624.0,Political violence,3689.0,15.3329,45.4523
2025-05-31,Middle East,Yemen,Marib,Battles,Armed clash,11,23,16843.0,Political violence,3689.0,15.3329,45.4523
2025-06-21,Middle East,Yemen,Marib,Battles,Armed clash,1,0,1041.0,Political violence,3689.0,15.3329,45.4523
2025-06-28,Middle East,Yemen,Marib,Battles,Armed clash,1,0,9175.0,Political violence,3689.0,15.3329,45.4523
2025-07-12,Middle East,Yemen,Marib,Battles,Armed clash,1,0,24889.0,Political violence,3689.0,15.3329,45.4523
2025-07-19,Middle East,Yemen,Marib,Battles,Armed clash,2,2,57673.0,Political violence,3689.0,15.3329,45.4523
2025-08-09,Middle East,Yemen,Marib,Battles,Armed clash,4,0,11880.0,Political violence,3689.0,15.3329,45.4523
2025-08-16,Middle East,Yemen,Marib,Battles,Armed clash,2,2,9175.0,Political violence,3689.0,15.3329,45.4523
2025-08-23,Middle East,Yemen,Marib,Battles,Armed clash,1,0,2881.0,Political violence,3689.0,15.3329,45.4523
2025-08-30,Middle East,Yemen,Marib,Battles,Armed clash,1,2,2881.0,Political violence,3689.0,15.3329,45.4523
2025-09-06,Middle East,Yemen,Marib,Battles,Armed clash,5,26,8759.0,Political violence,3689.0,15.3329,45.4523
2025-10-25,Middle East,Yemen,Marib,Battles,Armed clash,2,2,6847.0,Political violence,3689.0,15.3329,45.4523
2025-11-01,Middle East,Yemen,Marib,Battles,Armed clash,1,3,5874.0,Political violence,3689.0,15.3329,45.4523
2025-11-08,Middle East,Yemen,Marib,Battles,Armed clash,1,10,10015.0,Political violence,3689.0,15.3329,45.4523
2025-11-29,Middle East,Yemen,Marib,Battles,Armed clash,1,1,,Political violence,3689.0,15.3329,45.4523
2025-12-06,Middle East,Yemen,Marib,Battles,Armed clash,2,3,4437.0,Political violence,3689.0,15.3329,45.4523
2025-12-13,Middle East,Yemen,Marib,Battles,Armed clash,1,3,35.0,Political violence,3689.0,15.3329,45.4523
2025-12-20,Middle East,Yemen,Marib,Battles,Armed clash,5,22,27879.0,Political violence,3689.0,15.3329,45.4523
2025-12-27,Middle East,Yemen,Marib,Battles,Armed clash,2,0,24836.0,Political violence,3689.0,15.3329,45.4523
2026-01-03,Middle East,Yemen,Marib,Battles,Armed clash,5,10,24836.0,Political violence,3689.0,15.3329,45.4523
2026-01-31,Middle East,Yemen,Marib,Battles,Armed clash,1,0,10355.0,Political violence,3689.0,15.3329,45.4523
2026-02-07,Middle East,Yemen,Marib,Battles,Armed clash,1,1,24.0,Political violence,3689.0,15.3329,45.4523
2026-02-21,Middle East,Yemen,Marib,Battles,Armed clash,3,4,4616.0,Political violence,3689.0,15.3329,45.4523
2026-02-28,Middle East,Yemen,Marib,Battles,Armed clash,1,0,10.0,Political violence,3689.0,15.3329,45.4523
2026-03-07,Middle East,Yemen,Marib,Battles,Armed clash,1,0,10.0,Political violence,3689.0,15.3329,45.4523
2026-03-14,Middle East,Yemen,Marib,Battles,Armed clash,2,4,16380.0,Political violence,3689.0,15.3329,45.4523
2026-03-28,Middle East,Yemen,Marib,Battles,Armed clash,4,4,10355.0,Political violence,3689.0,15.3329,45.4523
2026-04-04,Middle East,Yemen,Marib,Battles,Armed clash,5,11,,Political violence,3689.0,15.3329,45.4523
2026-04-11,Middle East,Yemen,Marib,Battles,Armed clash,2,1,,Political violence,3689.0,15.3329,45.4523
2026-04-18,Middle East,Yemen,Marib,Battles,Armed clash,6,3,5169.0,Political violence,3689.0,15.3329,45.4523
2023-10-21,Middle East,Yemen,Marib,Explosions/Remote violence,Air/drone strike,1,1,1817.0,Political violence,3689.0,15.3329,45.4523
2023-11-04,Middle East,Yemen,Marib,Explosions/Remote violence,Air/drone strike,2,2,30771.0,Political violence,3689.0,15.3329,45.4523
2023-11-11,Middle East,Yemen,Marib,Explosions/Remote violence,Air/drone strike,1,1,8681.0,Political violence,3689.0,15.3329,45.4523
2023-12-09,Middle East,Yemen,Marib,Explosions/Remote violence,Air/drone strike,1,0,1817.0,Political violence,3689.0,15.3329,45.4523
2024-01-13,Middle East,Yemen,Marib,Explosions/Remote violence,Air/drone strike,1,2,29603.0,Political violence,3689.0,15.3329,45.4523
2024-01-27,Middle East,Yemen,Marib,Explosions/Remote violence,Air/drone strike,2,1,29749.0,Political violence,3689.0,15.3329,45.4523
2024-02-24,Middle East,Yemen,Marib,Explosions/Remote violence,Air/drone strike,1,0,4287.0,Political violence,3689.0,15.3329,45.4523
2024-08-24,Middle East,Yemen,Marib,Explosions/Remote violence,Air/drone strike,1,1,4006.0,Political violence,3689.0,15.3329,45.4523
2025-01-25,Middle East,Yemen,Marib,Explosions/Remote violence,Air/drone strike,4,1,8867.0,Political violence,3689.0,15.3329,45.4523
2025-03-08,Middle East,Yemen,Marib,Explosions/Remote violence,Air/drone strike,3,0,8758.0,Political violence,3689.0,15.3329,45.4523
2025-03-15,Middle East,Yemen,Marib,Explosions/Remote violence,Air/drone strike,1,0,2440.0,Political violence,3689.0,15.3329,45.4523
2025-03-22,Middle East,Yemen,Marib,Explosions/Remote violence,Air/drone strike,4,6,6713.0,Political violence,3689.0,15.3329,45.4523
2025-04-05,Middle East,Yemen,Marib,Explosions/Remote violence,Air/drone strike,6,3,25470.0,Political violence,3689.0,15.3329,45.4523
2025-04-12,Middle East,Yemen,Marib,Explosions/Remote violence,Air/drone strike,5,0,26721.0,Political violence,3689.0,15.3329,45.4523
2025-04-19,Middle East,Yemen,Marib,Explosions/Remote violence,Air/drone strike,15,22,39366.0,Political violence,3689.0,15.3329,45.4523
2025-04-26,Middle East,Yemen,Marib,Explosions/Remote violence,Air/drone strike,5,7,17640.0,Political violence,3689.0,15.3329,45.4523
2025-05-03,Middle East,Yemen,Marib,Explosions/Remote violence,Air/drone strike,5,0,11121.0,Political violence,3689.0,15.3329,45.4523
2025-08-16,Middle East,Yemen,Marib,Explosions/Remote violence,Air/drone strike,1,0,992.0,Political violence,3689.0,15.3329,45.4523
2025-09-20,Middle East,Yemen,Marib,Explosions/Remote violence,Air/drone strike,1,0,6807.0,Political violence,3689.0,15.3329,45.4523
2025-11-01,Middle East,Yemen,Marib,Explosions/Remote violence,Air/drone strike,1,0,2791.0,Political violence,3689.0,15.3329,45.4523
2025-11-08,Middle East,Yemen,Marib,Explosions/Remote violence,Air/drone strike,1,0,44374.0,Political violence,3689.0,15.3329,45.4523
2025-11-29,Middle East,Yemen,Marib,Explosions/Remote violence,Air/drone strike,1,2,,Political violence,3689.0,15.3329,45.4523
2025-12-06,Middle East,Yemen,Marib,Explosions/Remote violence,Air/drone strike,1,1,5679.0,Political violence,3689.0,15.3329,45.4523
2025-12-20,Middle East,Yemen,Marib,Explosions/Remote violence,Air/drone strike,2,4,11605.0,Political violence,3689.0,15.3329,45.4523
2026-01-03,Middle East,Yemen,Marib,Explosions/Remote violence,Air/drone strike,2,0,11525.0,Political violence,3689.0,15.3329,45.4523
2026-01-10,Middle East,Yemen,Marib,Explosions/Remote violence,Air/drone strike,2,3,12782.0,Political violence,3689.0,15.3329,45.4523
2026-01-24,Middle East,Yemen,Marib,Explosions/Remote violence,Air/drone strike,1,3,2427.0,Political violence,3689.0,15.3329,45.4523
2026-01-31,Middle East,Yemen,Marib,Explosions/Remote violence,Air/drone strike,1,4,1614.0,Political violence,3689.0,15.3329,45.4523
2026-02-14,Middle East,Yemen,Marib,Explosions/Remote violence,Air/drone strike,1,0,45593.0,Political violence,3689.0,15.3329,45.4523
2026-02-28,Middle East,Yemen,Marib,Explosions/Remote violence,Air/drone strike,1,1,10355.0,Political violence,3689.0,15.3329,45.4523
2026-03-14,Middle East,Yemen,Marib,Explosions/Remote violence,Air/drone strike,1,0,10355.0,Political violence,3689.0,15.3329,45.4523
2026-03-21,Middle East,Yemen,Marib,Explosions/Remote violence,Air/drone strike,1,1,10355.0,Political violence,3689.0,15.3329,45.4523
2026-04-04,Middle East,Yemen,Marib,Explosions/Remote violence,Air/drone strike,1,1,,Political violence,3689.0,15.3329,45.4523
2026-04-11,Middle East,Yemen,Marib,Explosions/Remote violence,Air/drone strike,1,1,,Political violence,3689.0,15.3329,45.4523
2023-10-07,Middle East,Yemen,Marib,Explosions/Remote violence,Shelling/artillery/missile attack,1,0,428.0,Political violence,3689.0,15.3329,45.4523
2023-10-14,Middle East,Yemen,Marib,Explosions/Remote violence,Shelling/artillery/missile attack,1,0,,Political violence,3689.0,15.3329,45.4523
2023-10-28,Middle East,Yemen,Marib,Explosions/Remote violence,Shelling/artillery/missile attack,4,0,65138.0,Political violence,3689.0,15.3329,45.4523
2023-11-18,Middle East,Yemen,Marib,Explosions/Remote violence,Shelling/artillery/missile attack,3,0,6079.0,Political violence,3689.0,15.3329,45.4523
2024-01-13,Middle East,Yemen,Marib,Explosions/Remote violence,Shelling/artillery/missile attack,3,0,1755.0,Political violence,3689.0,15.3329,45.4523
2024-02-03,Middle East,Yemen,Marib,Explosions/Remote violence,Shelling/artillery/missile attack,1,0,4336.0,Political violence,3689.0,15.3329,45.4523
2024-02-17,Middle East,Yemen,Marib,Explosions/Remote violence,Shelling/artillery/missile attack,1,1,3471.0,Political violence,3689.0,15.3329,45.4523
2024-03-16,Middle East,Yemen,Marib,Explosions/Remote violence,Shelling/artillery/missile attack,1,0,8351.0,Political violence,3689.0,15.3329,45.4523
2024-04-06,Middle East,Yemen,Marib,Explosions/Remote violence,Shelling/artillery/missile attack,2,0,10829.0,Political violence,3689.0,15.3329,45.4523
2024-04-27,Middle East,Yemen,Marib,Explosions/Remote violence,Shelling/artillery/missile attack,1,0,28701.0,Political violence,3689.0,15.3329,45.4523
2024-05-11,Middle East,Yemen,Marib,Explosions/Remote violence,Shelling/artillery/missile attack,1,0,5676.0,Political violence,3689.0,15.3329,45.4523
2024-06-01,Middle East,Yemen,Marib,Explosions/Remote violence,Shelling/artillery/missile attack,1,5,1009.0,Political violence,3689.0,15.3329,45.4523
2024-06-29,Middle East,Yemen,Marib,Explosions/Remote violence,Shelling/artillery/missile attack,1,0,2681.0,Political violence,3689.0,15.3329,45.4523
2024-07-20,Middle East,Yemen,Marib,Explosions/Remote violence,Shelling/artillery/missile attack,2,1,6419.0,Political violence,3689.0,15.3329,45.4523
2024-10-12,Middle East,Yemen,Marib,Explosions/Remote violence,Shelling/artillery/missile attack,1,0,41.0,Political violence,3689.0,15.3329,45.4523
2025-01-04,Middle East,Yemen,Marib,Explosions/Remote violence,Shelling/artillery/missile attack,1,0,160.0,Political violence,3689.0,15.3329,45.4523
2025-01-25,Middle East,Yemen,Marib,Explosions/Remote violence,Shelling/artillery/missile attack,3,0,37.0,Political violence,3689.0,15.3329,45.4523
2025-02-01,Middle East,Yemen,Marib,Explosions/Remote violence,Shelling/artillery/missile attack,1,0,43812.0,Political violence,3689.0,15.3329,45.4523
2025-02-08,Middle East,Yemen,Marib,Explosions/Remote violence,Shelling/artillery/missile attack,1,0,35.0,Political violence,3689.0,15.3329,45.4523
2025-02-22,Middle East,Yemen,Marib,Explosions/Remote violence,Shelling/artillery/missile attack,1,0,3438.0,Political violence,3689.0,15.3329,45.4523
2025-03-01,Middle East,Yemen,Marib,Explosions/Remote violence,Shelling/artillery/missile attack,2,0,63.0,Political violence,3689.0,15.3329,45.4523
2025-05-31,Middle East,Yemen,Marib,Explosions/Remote violence,Shelling/artillery/missile attack,1,0,1007.0,Political violence,3689.0,15.3329,45.4523
2025-08-02,Middle East,Yemen,Marib,Explosions/Remote violence,Shelling/artillery/missile attack,1,0,5138.0,Political violence,3689.0,15.3329,45.4523
2025-10-11,Middle East,Yemen,Marib,Explosions/Remote violence,Shelling/artillery/missile attack,1,0,5138.0,Political violence,3689.0,15.3329,45.4523
2025-10-25,Middle East,Yemen,Marib,Explosions/Remote violence,Shelling/artillery/missile attack,1,1,35.0,Political violence,3689.0,15.3329,45.4523
2026-04-04,Middle East,Yemen,Marib,Explosions/Remote violence,Shelling/artillery/missile attack,1,0,,Political violence,3689.0,15.3329,45.4523
2023-12-02,Middle East,Yemen,Marib,Violence against civilians,Abduction/forced disappearance,1,0,1860.0,Political violence,3689.0,15.3329,45.4523
2025-04-26,Middle East,Yemen,Marib,Violence against civilians,Abduction/forced disappearance,1,0,4418.0,Political violence,3689.0,15.3329,45.4523
2025-05-24,Middle East,Yemen,Marib,Violence against civilians,Abduction/forced disappearance,1,0,1340.0,Political violence,3689.0,15.3329,45.4523
2025-06-28,Middle East,Yemen,Marib,Violence against civilians,Abduction/forced disappearance,1,0,1353.0,Political violence,3689.0,15.3329,45.4523
2025-09-27,Middle East,Yemen,Marib,Violence against civilians,Abduction/forced disappearance,1,0,4418.0,Political violence,3689.0,15.3329,45.4523
2025-11-29,Middle East,Yemen,Marib,Violence against civilians,Abduction/forced disappearance,1,0,,Political violence,3689.0,15.3329,45.4523
2023-10-21,Middle East,Yemen,Marib,Violence against civilians,Attack,1,2,12.0,Political violence,3689.0,15.3329,45.4523
2023-12-09,Middle East,Yemen,Marib,Violence against civilians,Attack,1,1,5691.0,Political violence,3689.0,15.3329,45.4523
2023-12-23,Middle East,Yemen,Marib,Violence against civilians,Attack,1,1,1105.0,Political violence,3689.0,15.3329,45.4523
2024-01-27,Middle East,Yemen,Marib,Violence against civilians,Attack,3,4,25112.0,Political violence,3689.0,15.3329,45.4523
2024-02-24,Middle East,Yemen,Marib,Violence against civilians,Attack,1,1,28701.0,Political violence,3689.0,15.3329,45.4523
2024-04-13,Middle East,Yemen,Marib,Violence against civilians,Attack,1,1,28701.0,Political violence,3689.0,15.3329,45.4523
2024-06-01,Middle East,Yemen,Marib,Violence against civilians,Attack,2,0,379.0,Political violence,3689.0,15.3329,45.4523
2024-07-20,Middle East,Yemen,Marib,Violence against civilians,Attack,1,0,9635.0,Political violence,3689.0,15.3329,45.4523
2024-08-17,Middle East,Yemen,Marib,Violence against civilians,Attack,1,0,7380.0,Political violence,3689.0,15.3329,45.4523
2024-09-14,Middle East,Yemen,Marib,Violence against civilians,Attack,4,3,36251.0,Political violence,3689.0,15.3329,45.4523
2024-09-28,Middle East,Yemen,Marib,Violence against civilians,Attack,2,1,3337.0,Political violence,3689.0,15.3329,45.4523
2024-11-16,Middle East,Yemen,Marib,Violence against civilians,Attack,1,1,36534.0,Political violence,3689.0,15.3329,45.4523
2024-11-23,Middle East,Yemen,Marib,Violence against civilians,Attack,1,1,1700.0,Political violence,3689.0,15.3329,45.4523
2024-11-30,Middle East,Yemen,Marib,Violence against civilians,Attack,2,1,9766.0,Political violence,3689.0,15.3329,45.4523
2024-12-07,Middle East,Yemen,Marib,Violence against civilians,Attack,2,1,30738.0,Political violence,3689.0,15.3329,45.4523
2025-01-11,Middle East,Yemen,Marib,Violence against civilians,Attack,1,0,25990.0,Political violence,3689.0,15.3329,45.4523
2025-01-18,Middle East,Yemen,Marib,Violence against civilians,Attack,1,1,,Political violence,3689.0,15.3329,45.4523
2025-01-25,Middle East,Yemen,Marib,Violence against civilians,Attack,1,1,39024.0,Political violence,3689.0,15.3329,45.4523
2025-02-01,Middle East,Yemen,Marib,Violence against civilians,Attack,2,2,39024.0,Political violence,3689.0,15.3329,45.4523
2025-02-08,Middle East,Yemen,Marib,Violence against civilians,Attack,1,0,2974.0,Political violence,3689.0,15.3329,45.4523
2025-02-15,Middle East,Yemen,Marib,Violence against civilians,Attack,1,0,28499.0,Political violence,3689.0,15.3329,45.4523
2025-03-01,Middle East,Yemen,Marib,Violence against civilians,Attack,2,2,34667.0,Political violence,3689.0,15.3329,45.4523
2025-04-05,Middle East,Yemen,Marib,Violence against civilians,Attack,1,1,1704.0,Political violence,3689.0,15.3329,45.4523
2025-05-17,Middle East,Yemen,Marib,Violence against civilians,Attack,1,1,1453.0,Political violence,3689.0,15.3329,45.4523
2025-06-21,Middle East,Yemen,Marib,Violence against civilians,Attack,1,0,2691.0,Political violence,3689.0,15.3329,45.4523
2025-08-02,Middle East,Yemen,Marib,Violence against civilians,Attack,1,1,24889.0,Political violence,3689.0,15.3329,45.4523
2025-08-09,Middle East,Yemen,Marib,Violence against civilians,Attack,2,2,,Political violence,3689.0,15.3329,45.4523
2025-08-23,Middle East,Yemen,Marib,Violence against civilians,Attack,1,0,23240.0,Political violence,3689.0,15.3329,45.4523
2025-08-30,Middle East,Yemen,Marib,Violence against civilians,Attack,1,0,1795.0,Political violence,3689.0,15.3329,45.4523
2025-09-20,Middle East,Yemen,Marib,Violence against civilians,Attack,1,1,8833.0,Political violence,3689.0,15.3329,45.4523
2025-12-20,Middle East,Yemen,Marib,Violence against civilians,Attack,1,1,3833.0,Political violence,3689.0,15.3329,45.4523
2026-01-17,Middle East,Yemen,Marib,Violence against civilians,Attack,1,1,22127.0,Political violence,3689.0,15.3329,45.4523
2026-01-24,Middle East,Yemen,Marib,Violence against civilians,Attack,1,1,22127.0,Political violence,3689.0,15.3329,45.4523
2026-02-14,Middle East,Yemen,Marib,Violence against civilians,Attack,1,1,22127.0,Political violence,3689.0,15.3329,45.4523
2026-03-07,Middle East,Yemen,Marib,Violence against civilians,Attack,1,0,,Political violence,3689.0,15.3329,45.4523
2026-03-21,Middle East,Yemen,Marib,Violence against civilians,Attack,1,2,22127.0,Political violence,3689.0,15.3329,45.4523
2026-04-18,Middle East,Yemen,Marib,Violence against civilians,Attack,1,0,,Political violence,3689.0,15.3329,45.4523
2025-01-04,Middle East,Yemen,North Red Sea,Explosions/Remote violence,Air/drone strike,3,0,,Political violence,4182.0,25.4074,35.9101
2025-01-11,Middle East,Yemen,North Red Sea,Explosions/Remote violence,Air/drone strike,2,0,,Political violence,4182.0,25.4074,35.9101
2025-01-18,Middle East,Yemen,North Red Sea,Explosions/Remote violence,Air/drone strike,1,0,,Political violence,4182.0,25.4074,35.9101
2025-08-30,Middle East,Yemen,North Red Sea,Explosions/Remote violence,Shelling/artillery/missile attack,1,0,,Political violence,4182.0,25.4074,35.9101
2024-04-27,Middle East,Yemen,Northwestern Indian Ocean,Explosions/Remote violence,Air/drone strike,1,0,,Political violence,4183.0,4.769,59.6413
2024-03-30,Middle East,Yemen,Northwestern Indian Ocean,Explosions/Remote violence,Shelling/artillery/missile attack,1,0,,Political violence,4183.0,4.769,59.6413
2024-05-04,Middle East,Yemen,Northwestern Indian Ocean,Explosions/Remote violence,Shelling/artillery/missile attack,1,0,,Political violence,4183.0,4.769,59.6413
2024-05-25,Middle East,Yemen,Northwestern Indian Ocean,Explosions/Remote violence,Shelling/artillery/missile attack,2,0,,Political violence,4183.0,4.769,59.6413
2024-06-01,Middle East,Yemen,Northwestern Indian Ocean,Explosions/Remote violence,Shelling/artillery/missile attack,1,0,,Political violence,4183.0,4.769,59.6413
2024-06-22,Middle East,Yemen,Northwestern Indian Ocean,Explosions/Remote violence,Shelling/artillery/missile attack,1,0,,Political violence,4183.0,4.769,59.6413
2024-06-29,Middle East,Yemen,Northwestern Indian Ocean,Explosions/Remote violence,Shelling/artillery/missile attack,1,0,,Political violence,4183.0,4.769,59.6413
2024-09-28,Middle East,Yemen,Northwestern Indian Ocean,Explosions/Remote violence,Shelling/artillery/missile attack,1,0,,Political violence,4183.0,4.769,59.6413
2024-10-05,Middle East,Yemen,Northwestern Indian Ocean,Explosions/Remote violence,Shelling/artillery/missile attack,1,0,,Political violence,4183.0,4.769,59.6413
2025-06-28,Middle East,Yemen,Raymah,Battles,Armed clash,1,5,8770.0,Political violence,3690.0,14.657,43.6874
2024-06-08,Middle East,Yemen,Raymah,Explosions/Remote violence,Air/drone strike,1,2,46539.0,Political violence,3690.0,14.657,43.6874
2024-06-15,Middle East,Yemen,Raymah,Explosions/Remote violence,Air/drone strike,1,0,46539.0,Political violence,3690.0,14.657,43.6874
2024-09-28,Middle East,Yemen,Raymah,Violence against civilians,Abduction/forced disappearance,1,0,17790.0,Political violence,3690.0,14.657,43.6874
2025-03-15,Middle East,Yemen,Raymah,Violence against civilians,Abduction/forced disappearance,1,0,6087.0,Political violence,3690.0,14.657,43.6874
2025-04-26,Middle East,Yemen,Raymah,Violence against civilians,Abduction/forced disappearance,3,0,44796.0,Political violence,3690.0,14.657,43.6874
2025-06-28,Middle East,Yemen,Raymah,Violence against civilians,Abduction/forced disappearance,1,0,2319.0,Political violence,3690.0,14.657,43.6874
2024-08-10,Middle East,Yemen,Raymah,Violence against civilians,Attack,1,0,17790.0,Political violence,3690.0,14.657,43.6874
2025-04-05,Middle East,Yemen,Raymah,Violence against civilians,Attack,1,1,46810.0,Political violence,3690.0,14.657,43.6874
2025-07-05,Middle East,Yemen,Raymah,Violence against civilians,Attack,1,0,16489.0,Political violence,3690.0,14.657,43.6874
2025-10-11,Middle East,Yemen,Raymah,Violence against civilians,Attack,1,0,12100.0,Political violence,3690.0,14.657,43.6874
2025-03-15,Middle East,Yemen,Red Sea,Explosions/Remote violence,Air/drone strike,4,0,,Political violence,4184.0,18.7938,39.9069
2025-03-22,Middle East,Yemen,Red Sea,Explosions/Remote violence,Air/drone strike,5,0,,Political violence,4184.0,18.7938,39.9069
2025-03-29,Middle East,Yemen,Red Sea,Explosions/Remote violence,Air/drone strike,4,0,,Political violence,4184.0,18.7938,39.9069
2025-04-05,Middle East,Yemen,Red Sea,Explosions/Remote violence,Air/drone strike,4,0,,Political violence,4184.0,18.7938,39.9069
2025-04-12,Middle East,Yemen,Red Sea,Explosions/Remote violence,Air/drone strike,1,0,,Political violence,4184.0,18.7938,39.9069
2025-04-19,Middle East,Yemen,Red Sea,Explosions/Remote violence,Air/drone strike,2,0,,Political violence,4184.0,18.7938,39.9069
2025-04-26,Middle East,Yemen,Red Sea,Explosions/Remote violence,Air/drone strike,2,0,,Political violence,4184.0,18.7938,39.9069
2025-05-03,Middle East,Yemen,Red Sea,Explosions/Remote violence,Air/drone strike,1,0,,Political violence,4184.0,18.7938,39.9069
2024-06-22,Middle East,Yemen,Red Sea,Explosions/Remote violence,Shelling/artillery/missile attack,1,0,,Political violence,4184.0,18.7938,39.9069
2023-10-07,Middle East,Yemen,Sadah,Battles,Armed clash,2,2,26872.0,Political violence,3691.0,17.0883,44.0424
2023-10-21,Middle East,Yemen,Sadah,Battles,Armed clash,1,9,8399.0,Political violence,3691.0,17.0883,44.0424
2023-12-02,Middle East,Yemen,Sadah,Battles,Armed clash,1,1,781.0,Political violence,3691.0,17.0883,44.0424
2023-12-09,Middle East,Yemen,Sadah,Battles,Armed clash,1,2,781.0,Political violence,3691.0,17.0883,44.0424
2023-12-16,Middle East,Yemen,Sadah,Battles,Armed clash,2,3,11342.0,Political violence,3691.0,17.0883,44.0424
2023-12-23,Middle East,Yemen,Sadah,Battles,Armed clash,1,3,781.0,Political violence,3691.0,17.0883,44.0424
2024-01-13,Middle East,Yemen,Sadah,Battles,Armed clash,2,4,14354.0,Political violence,3691.0,17.0883,44.0424
2024-01-27,Middle East,Yemen,Sadah,Battles,Armed clash,3,3,186.0,Political violence,3691.0,17.0883,44.0424
2024-02-03,Middle East,Yemen,Sadah,Battles,Armed clash,1,2,91572.0,Political violence,3691.0,17.0883,44.0424
2024-02-10,Middle East,Yemen,Sadah,Battles,Armed clash,1,10,2419.0,Political violence,3691.0,17.0883,44.0424
2024-02-24,Middle East,Yemen,Sadah,Battles,Armed clash,1,3,209937.0,Political violence,3691.0,17.0883,44.0424
2024-05-25,Middle East,Yemen,Sadah,Battles,Armed clash,1,3,14351.0,Political violence,3691.0,17.0883,44.0424
2024-06-15,Middle East,Yemen,Sadah,Battles,Armed clash,1,3,29145.0,Political violence,3691.0,17.0883,44.0424
2024-07-20,Middle East,Yemen,Sadah,Battles,Armed clash,1,3,2341.0,Political violence,3691.0,17.0883,44.0424
2025-01-04,Middle East,Yemen,Sadah,Battles,Armed clash,1,1,135077.0,Political violence,3691.0,17.0883,44.0424
2025-03-08,Middle East,Yemen,Sadah,Battles,Armed clash,1,5,20924.0,Political violence,3691.0,17.0883,44.0424
2025-04-05,Middle East,Yemen,Sadah,Battles,Armed clash,2,1,3184.0,Political violence,3691.0,17.0883,44.0424
2025-04-19,Middle East,Yemen,Sadah,Battles,Armed clash,1,0,2715.0,Political violence,3691.0,17.0883,44.0424
2025-06-07,Middle East,Yemen,Sadah,Battles,Armed clash,1,1,3184.0,Political violence,3691.0,17.0883,44.0424
2025-06-28,Middle East,Yemen,Sadah,Battles,Armed clash,2,10,2434.0,Political violence,3691.0,17.0883,44.0424
2025-07-19,Middle East,Yemen,Sadah,Battles,Armed clash,1,16,3184.0,Political violence,3691.0,17.0883,44.0424
2025-08-02,Middle East,Yemen,Sadah,Battles,Armed clash,1,2,393.0,Political violence,3691.0,17.0883,44.0424
2025-09-13,Middle East,Yemen,Sadah,Battles,Armed clash,1,1,27204.0,Political violence,3691.0,17.0883,44.0424
2025-09-20,Middle East,Yemen,Sadah,Battles,Armed clash,1,5,808.0,Political violence,3691.0,17.0883,44.0424
2025-10-25,Middle East,Yemen,Sadah,Battles,Armed clash,1,1,93616.0,Political violence,3691.0,17.0883,44.0424
2025-11-01,Middle East,Yemen,Sadah,Battles,Armed clash,1,0,15477.0,Political violence,3691.0,17.0883,44.0424
2025-11-15,Middle East,Yemen,Sadah,Battles,Armed clash,1,1,2.0,Political violence,3691.0,17.0883,44.0424
2026-03-07,Middle East,Yemen,Sadah,Battles,Armed clash,2,3,33600.0,Political violence,3691.0,17.0883,44.0424
2026-04-04,Middle East,Yemen,Sadah,Battles,Armed clash,1,0,,Political violence,3691.0,17.0883,44.0424
2023-10-07,Middle East,Yemen,Sadah,Explosions/Remote violence,Air/drone strike,1,3,26872.0,Political violence,3691.0,17.0883,44.0424
2023-10-21,Middle East,Yemen,Sadah,Explosions/Remote violence,Air/drone strike,1,1,26275.0,Political violence,3691.0,17.0883,44.0424
2023-12-02,Middle East,Yemen,Sadah,Explosions/Remote violence,Air/drone strike,1,3,781.0,Political violence,3691.0,17.0883,44.0424
2023-12-16,Middle East,Yemen,Sadah,Explosions/Remote violence,Air/drone strike,3,0,39284.0,Political violence,3691.0,17.0883,44.0424
2024-01-06,Middle East,Yemen,Sadah,Explosions/Remote violence,Air/drone strike,4,1,54261.0,Political violence,3691.0,17.0883,44.0424
2024-01-20,Middle East,Yemen,Sadah,Explosions/Remote violence,Air/drone strike,1,0,2134.0,Political violence,3691.0,17.0883,44.0424
2024-01-27,Middle East,Yemen,Sadah,Explosions/Remote violence,Air/drone strike,1,0,209937.0,Political violence,3691.0,17.0883,44.0424
2024-02-03,Middle East,Yemen,Sadah,Explosions/Remote violence,Air/drone strike,3,0,209937.0,Political violence,3691.0,17.0883,44.0424
2024-03-16,Middle East,Yemen,Sadah,Explosions/Remote violence,Air/drone strike,1,0,2177.0,Political violence,3691.0,17.0883,44.0424
2024-03-23,Middle East,Yemen,Sadah,Explosions/Remote violence,Air/drone strike,1,0,2300.0,Political violence,3691.0,17.0883,44.0424
2024-06-29,Middle East,Yemen,Sadah,Explosions/Remote violence,Air/drone strike,1,0,3675.0,Political violence,3691.0,17.0883,44.0424
2024-08-10,Middle East,Yemen,Sadah,Explosions/Remote violence,Air/drone strike,2,0,2134.0,Political violence,3691.0,17.0883,44.0424
2024-09-21,Middle East,Yemen,Sadah,Explosions/Remote violence,Air/drone strike,1,0,154503.0,Political violence,3691.0,17.0883,44.0424
2024-10-12,Middle East,Yemen,Sadah,Explosions/Remote violence,Air/drone strike,2,1,155088.0,Political violence,3691.0,17.0883,44.0424
2024-11-09,Middle East,Yemen,Sadah,Explosions/Remote violence,Air/drone strike,1,0,10089.0,Political violence,3691.0,17.0883,44.0424
2025-01-04,Middle East,Yemen,Sadah,Explosions/Remote violence,Air/drone strike,1,0,135077.0,Political violence,3691.0,17.0883,44.0424
2025-03-15,Middle East,Yemen,Sadah,Explosions/Remote violence,Air/drone strike,13,14,620483.0,Political violence,3691.0,17.0883,44.0424
2025-03-22,Middle East,Yemen,Sadah,Explosions/Remote violence,Air/drone strike,25,1,445154.0,Political violence,3691.0,17.0883,44.0424
2025-03-29,Middle East,Yemen,Sadah,Explosions/Remote violence,Air/drone strike,19,23,315605.0,Political violence,3691.0,17.0883,44.0424
2025-04-05,Middle East,Yemen,Sadah,Explosions/Remote violence,Air/drone strike,3,2,73377.0,Political violence,3691.0,17.0883,44.0424
2025-04-12,Middle East,Yemen,Sadah,Explosions/Remote violence,Air/drone strike,7,0,182683.0,Political violence,3691.0,17.0883,44.0424
2025-04-19,Middle East,Yemen,Sadah,Explosions/Remote violence,Air/drone strike,8,31,184608.0,Political violence,3691.0,17.0883,44.0424
2025-04-26,Middle East,Yemen,Sadah,Explosions/Remote violence,Air/drone strike,9,60,185004.0,Political violence,3691.0,17.0883,44.0424
2025-05-03,Middle East,Yemen,Sadah,Explosions/Remote violence,Air/drone strike,3,0,182694.0,Political violence,3691.0,17.0883,44.0424
2025-05-24,Middle East,Yemen,Sadah,Explosions/Remote violence,Air/drone strike,1,4,21327.0,Political violence,3691.0,17.0883,44.0424
2025-10-04,Middle East,Yemen,Sadah,Explosions/Remote violence,Air/drone strike,1,0,28468.0,Political violence,3691.0,17.0883,44.0424
2025-11-01,Middle East,Yemen,Sadah,Explosions/Remote violence,Air/drone strike,2,0,24342.0,Political violence,3691.0,17.0883,44.0424
2025-11-08,Middle East,Yemen,Sadah,Explosions/Remote violence,Air/drone strike,1,0,18869.0,Political violence,3691.0,17.0883,44.0424
2025-11-22,Middle East,Yemen,Sadah,Explosions/Remote violence,Air/drone strike,1,0,,Political violence,3691.0,17.0883,44.0424
2026-01-03,Middle East,Yemen,Sadah,Explosions/Remote violence,Air/drone strike,1,0,2734.0,Political violence,3691.0,17.0883,44.0424
2026-02-28,Middle East,Yemen,Sadah,Explosions/Remote violence,Air/drone strike,1,1,49026.0,Political violence,3691.0,17.0883,44.0424
2023-10-14,Middle East,Yemen,Sadah,Explosions/Remote violence,Shelling/artillery/missile attack,3,0,55799.0,Political violence,3691.0,17.0883,44.0424
2023-10-21,Middle East,Yemen,Sadah,Explosions/Remote violence,Shelling/artillery/missile attack,4,1,63592.0,Political violence,3691.0,17.0883,44.0424
2023-10-28,Middle East,Yemen,Sadah,Explosions/Remote violence,Shelling/artillery/missile attack,1,0,189.0,Political violence,3691.0,17.0883,44.0424
2023-11-11,Middle East,Yemen,Sadah,Explosions/Remote violence,Shelling/artillery/missile attack,2,1,2290.0,Political violence,3691.0,17.0883,44.0424
2023-11-18,Middle East,Yemen,Sadah,Explosions/Remote violence,Shelling/artillery/missile attack,3,2,10208.0,Political violence,3691.0,17.0883,44.0424
2023-11-25,Middle East,Yemen,Sadah,Explosions/Remote violence,Shelling/artillery/missile attack,1,0,43261.0,Political violence,3691.0,17.0883,44.0424
2023-12-02,Middle East,Yemen,Sadah,Explosions/Remote violence,Shelling/artillery/missile attack,1,0,53516.0,Political violence,3691.0,17.0883,44.0424
2023-12-09,Middle East,Yemen,Sadah,Explosions/Remote violence,Shelling/artillery/missile attack,3,0,3853.0,Political violence,3691.0,17.0883,44.0424
2023-12-16,Middle East,Yemen,Sadah,Explosions/Remote violence,Shelling/artillery/missile attack,1,0,2237.0,Political violence,3691.0,17.0883,44.0424
2023-12-30,Middle East,Yemen,Sadah,Explosions/Remote violence,Shelling/artillery/missile attack,1,0,16420.0,Political violence,3691.0,17.0883,44.0424
2024-01-13,Middle East,Yemen,Sadah,Explosions/Remote violence,Shelling/artillery/missile attack,1,0,55161.0,Political violence,3691.0,17.0883,44.0424
2024-02-03,Middle East,Yemen,Sadah,Explosions/Remote violence,Shelling/artillery/missile attack,2,0,4490.0,Political violence,3691.0,17.0883,44.0424
2024-02-17,Middle East,Yemen,Sadah,Explosions/Remote violence,Shelling/artillery/missile attack,1,0,18368.0,Political violence,3691.0,17.0883,44.0424
2024-02-24,Middle East,Yemen,Sadah,Explosions/Remote violence,Shelling/artillery/missile attack,2,0,27839.0,Political violence,3691.0,17.0883,44.0424
2024-03-02,Middle East,Yemen,Sadah,Explosions/Remote violence,Shelling/artillery/missile attack,1,0,659.0,Political violence,3691.0,17.0883,44.0424
2024-03-09,Middle East,Yemen,Sadah,Explosions/Remote violence,Shelling/artillery/missile attack,3,0,23365.0,Political violence,3691.0,17.0883,44.0424
2024-03-16,Middle East,Yemen,Sadah,Explosions/Remote violence,Shelling/artillery/missile attack,2,0,25103.0,Political violence,3691.0,17.0883,44.0424
2024-03-23,Middle East,Yemen,Sadah,Explosions/Remote violence,Shelling/artillery/missile attack,3,3,4997.0,Political violence,3691.0,17.0883,44.0424
2024-03-30,Middle East,Yemen,Sadah,Explosions/Remote violence,Shelling/artillery/missile attack,2,0,4338.0,Political violence,3691.0,17.0883,44.0424
2024-04-06,Middle East,Yemen,Sadah,Explosions/Remote violence,Shelling/artillery/missile attack,5,0,2551.0,Political violence,3691.0,17.0883,44.0424
2024-04-13,Middle East,Yemen,Sadah,Explosions/Remote violence,Shelling/artillery/missile attack,3,2,195.0,Political violence,3691.0,17.0883,44.0424
2024-04-20,Middle East,Yemen,Sadah,Explosions/Remote violence,Shelling/artillery/missile attack,2,0,24146.0,Political violence,3691.0,17.0883,44.0424
2024-04-27,Middle East,Yemen,Sadah,Explosions/Remote violence,Shelling/artillery/missile attack,2,0,19780.0,Political violence,3691.0,17.0883,44.0424
2024-05-04,Middle East,Yemen,Sadah,Explosions/Remote violence,Shelling/artillery/missile attack,2,0,17331.0,Political violence,3691.0,17.0883,44.0424
2024-05-11,Middle East,Yemen,Sadah,Explosions/Remote violence,Shelling/artillery/missile attack,3,0,17331.0,Political violence,3691.0,17.0883,44.0424
2024-05-18,Middle East,Yemen,Sadah,Explosions/Remote violence,Shelling/artillery/missile attack,1,0,2980.0,Political violence,3691.0,17.0883,44.0424
2024-05-25,Middle East,Yemen,Sadah,Explosions/Remote violence,Shelling/artillery/missile attack,4,1,58144.0,Political violence,3691.0,17.0883,44.0424
2024-06-01,Middle East,Yemen,Sadah,Explosions/Remote violence,Shelling/artillery/missile attack,4,0,17331.0,Political violence,3691.0,17.0883,44.0424
2024-06-08,Middle East,Yemen,Sadah,Explosions/Remote violence,Shelling/artillery/missile attack,1,1,2980.0,Political violence,3691.0,17.0883,44.0424
2024-06-15,Middle East,Yemen,Sadah,Explosions/Remote violence,Shelling/artillery/missile attack,1,0,2980.0,Political violence,3691.0,17.0883,44.0424
2024-08-10,Middle East,Yemen,Sadah,Explosions/Remote violence,Shelling/artillery/missile attack,1,0,195.0,Political violence,3691.0,17.0883,44.0424
2024-08-17,Middle East,Yemen,Sadah,Explosions/Remote violence,Shelling/artillery/missile attack,1,0,2980.0,Political violence,3691.0,17.0883,44.0424
2024-09-07,Middle East,Yemen,Sadah,Explosions/Remote violence,Shelling/artillery/missile attack,1,0,14351.0,Political violence,3691.0,17.0883,44.0424
2024-09-14,Middle East,Yemen,Sadah,Explosions/Remote violence,Shelling/artillery/missile attack,1,0,29967.0,Political violence,3691.0,17.0883,44.0424
2024-10-12,Middle East,Yemen,Sadah,Explosions/Remote violence,Shelling/artillery/missile attack,1,1,1603.0,Political violence,3691.0,17.0883,44.0424
2024-10-19,Middle East,Yemen,Sadah,Explosions/Remote violence,Shelling/artillery/missile attack,2,1,30963.0,Political violence,3691.0,17.0883,44.0424
2024-11-30,Middle East,Yemen,Sadah,Explosions/Remote violence,Shelling/artillery/missile attack,2,0,4191.0,Political violence,3691.0,17.0883,44.0424
2024-12-07,Middle East,Yemen,Sadah,Explosions/Remote violence,Shelling/artillery/missile attack,1,1,24579.0,Political violence,3691.0,17.0883,44.0424
2024-12-14,Middle East,Yemen,Sadah,Explosions/Remote violence,Shelling/artillery/missile attack,1,0,3996.0,Political violence,3691.0,17.0883,44.0424
2024-12-21,Middle East,Yemen,Sadah,Explosions/Remote violence,Shelling/artillery/missile attack,1,2,195.0,Political violence,3691.0,17.0883,44.0424
2025-02-01,Middle East,Yemen,Sadah,Explosions/Remote violence,Shelling/artillery/missile attack,1,0,4471.0,Political violence,3691.0,17.0883,44.0424
2025-02-08,Middle East,Yemen,Sadah,Explosions/Remote violence,Shelling/artillery/missile attack,5,0,45826.0,Political violence,3691.0,17.0883,44.0424
2025-02-15,Middle East,Yemen,Sadah,Explosions/Remote violence,Shelling/artillery/missile attack,1,0,20924.0,Political violence,3691.0,17.0883,44.0424
2025-03-01,Middle East,Yemen,Sadah,Explosions/Remote violence,Shelling/artillery/missile attack,2,0,25312.0,Political violence,3691.0,17.0883,44.0424
2025-03-08,Middle East,Yemen,Sadah,Explosions/Remote violence,Shelling/artillery/missile attack,1,1,291.0,Political violence,3691.0,17.0883,44.0424
2025-04-05,Middle East,Yemen,Sadah,Explosions/Remote violence,Shelling/artillery/missile attack,1,0,4108.0,Political violence,3691.0,17.0883,44.0424
2025-04-12,Middle East,Yemen,Sadah,Explosions/Remote violence,Shelling/artillery/missile attack,3,1,57734.0,Political violence,3691.0,17.0883,44.0424
2025-05-03,Middle East,Yemen,Sadah,Explosions/Remote violence,Shelling/artillery/missile attack,1,6,10823.0,Political violence,3691.0,17.0883,44.0424
2025-05-10,Middle East,Yemen,Sadah,Explosions/Remote violence,Shelling/artillery/missile attack,1,0,962.0,Political violence,3691.0,17.0883,44.0424
2025-05-17,Middle East,Yemen,Sadah,Explosions/Remote violence,Shelling/artillery/missile attack,1,1,25445.0,Political violence,3691.0,17.0883,44.0424
2025-05-31,Middle East,Yemen,Sadah,Explosions/Remote violence,Shelling/artillery/missile attack,1,0,291.0,Political violence,3691.0,17.0883,44.0424
2025-07-05,Middle East,Yemen,Sadah,Explosions/Remote violence,Shelling/artillery/missile attack,1,0,18869.0,Political violence,3691.0,17.0883,44.0424
2025-07-12,Middle East,Yemen,Sadah,Explosions/Remote violence,Shelling/artillery/missile attack,1,0,18869.0,Political violence,3691.0,17.0883,44.0424
2025-07-19,Middle East,Yemen,Sadah,Explosions/Remote violence,Shelling/artillery/missile attack,3,2,35747.0,Political violence,3691.0,17.0883,44.0424
2025-08-16,Middle East,Yemen,Sadah,Explosions/Remote violence,Shelling/artillery/missile attack,1,1,43443.0,Political violence,3691.0,17.0883,44.0424
2025-08-30,Middle East,Yemen,Sadah,Explosions/Remote violence,Shelling/artillery/missile attack,1,0,16878.0,Political violence,3691.0,17.0883,44.0424
2025-09-06,Middle East,Yemen,Sadah,Explosions/Remote violence,Shelling/artillery/missile attack,3,0,55963.0,Political violence,3691.0,17.0883,44.0424
2025-09-20,Middle East,Yemen,Sadah,Explosions/Remote violence,Shelling/artillery/missile attack,1,0,4108.0,Political violence,3691.0,17.0883,44.0424
2025-09-27,Middle East,Yemen,Sadah,Explosions/Remote violence,Shelling/artillery/missile attack,2,1,22977.0,Political violence,3691.0,17.0883,44.0424
2025-10-11,Middle East,Yemen,Sadah,Explosions/Remote violence,Shelling/artillery/missile attack,2,1,21179.0,Political violence,3691.0,17.0883,44.0424
2025-10-18,Middle East,Yemen,Sadah,Explosions/Remote violence,Shelling/artillery/missile attack,1,1,2310.0,Political violence,3691.0,17.0883,44.0424
2025-10-25,Middle East,Yemen,Sadah,Explosions/Remote violence,Shelling/artillery/missile attack,1,0,28468.0,Political violence,3691.0,17.0883,44.0424
2025-11-01,Middle East,Yemen,Sadah,Explosions/Remote violence,Shelling/artillery/missile attack,3,0,47656.0,Political violence,3691.0,17.0883,44.0424
2025-11-08,Middle East,Yemen,Sadah,Explosions/Remote violence,Shelling/artillery/missile attack,3,1,30469.0,Political violence,3691.0,17.0883,44.0424
2025-11-15,Middle East,Yemen,Sadah,Explosions/Remote violence,Shelling/artillery/missile attack,3,0,112485.0,Political violence,3691.0,17.0883,44.0424
2025-11-22,Middle East,Yemen,Sadah,Explosions/Remote violence,Shelling/artillery/missile attack,4,0,43945.0,Political violence,3691.0,17.0883,44.0424
2025-11-29,Middle East,Yemen,Sadah,Explosions/Remote violence,Shelling/artillery/missile attack,7,0,82590.0,Political violence,3691.0,17.0883,44.0424
2025-12-06,Middle East,Yemen,Sadah,Explosions/Remote violence,Shelling/artillery/missile attack,6,2,46469.0,Political violence,3691.0,17.0883,44.0424
2025-12-13,Middle East,Yemen,Sadah,Explosions/Remote violence,Shelling/artillery/missile attack,3,0,18869.0,Political violence,3691.0,17.0883,44.0424
2025-12-20,Middle East,Yemen,Sadah,Explosions/Remote violence,Shelling/artillery/missile attack,6,0,34420.0,Political violence,3691.0,17.0883,44.0424
2025-12-27,Middle East,Yemen,Sadah,Explosions/Remote violence,Shelling/artillery/missile attack,4,1,21179.0,Political violence,3691.0,17.0883,44.0424
2026-01-03,Middle East,Yemen,Sadah,Explosions/Remote violence,Shelling/artillery/missile attack,3,0,2757.0,Political violence,3691.0,17.0883,44.0424
2026-01-10,Middle East,Yemen,Sadah,Explosions/Remote violence,Shelling/artillery/missile attack,4,1,2757.0,Political violence,3691.0,17.0883,44.0424
2026-01-17,Middle East,Yemen,Sadah,Explosions/Remote violence,Shelling/artillery/missile attack,3,2,71121.0,Political violence,3691.0,17.0883,44.0424
2026-01-24,Middle East,Yemen,Sadah,Explosions/Remote violence,Shelling/artillery/missile attack,2,0,22095.0,Political violence,3691.0,17.0883,44.0424
2026-01-31,Middle East,Yemen,Sadah,Explosions/Remote violence,Shelling/artillery/missile attack,1,0,15977.0,Political violence,3691.0,17.0883,44.0424
2026-02-14,Middle East,Yemen,Sadah,Explosions/Remote violence,Shelling/artillery/missile attack,2,0,22095.0,Political violence,3691.0,17.0883,44.0424
2026-02-28,Middle East,Yemen,Sadah,Explosions/Remote violence,Shelling/artillery/missile attack,1,0,19361.0,Political violence,3691.0,17.0883,44.0424
2024-02-17,Middle East,Yemen,Sadah,Violence against civilians,Abduction/forced disappearance,1,0,18192.0,Political violence,3691.0,17.0883,44.0424
2024-06-01,Middle East,Yemen,Sadah,Violence against civilians,Abduction/forced disappearance,1,0,122891.0,Political violence,3691.0,17.0883,44.0424
2024-09-07,Middle East,Yemen,Sadah,Violence against civilians,Abduction/forced disappearance,1,0,134786.0,Political violence,3691.0,17.0883,44.0424
2024-11-02,Middle East,Yemen,Sadah,Violence against civilians,Abduction/forced disappearance,1,0,123541.0,Political violence,3691.0,17.0883,44.0424
2024-12-28,Middle East,Yemen,Sadah,Violence against civilians,Abduction/forced disappearance,2,0,14309.0,Political violence,3691.0,17.0883,44.0424
2025-01-18,Middle East,Yemen,Sadah,Violence against civilians,Abduction/forced disappearance,1,0,126109.0,Political violence,3691.0,17.0883,44.0424
2025-03-15,Middle East,Yemen,Sadah,Violence against civilians,Abduction/forced disappearance,2,0,66627.0,Political violence,3691.0,17.0883,44.0424
2025-03-22,Middle East,Yemen,Sadah,Violence against civilians,Abduction/forced disappearance,2,0,106442.0,Political violence,3691.0,17.0883,44.0424
2025-04-05,Middle East,Yemen,Sadah,Violence against civilians,Abduction/forced disappearance,5,0,165931.0,Political violence,3691.0,17.0883,44.0424
2025-04-12,Middle East,Yemen,Sadah,Violence against civilians,Abduction/forced disappearance,1,0,10398.0,Political violence,3691.0,17.0883,44.0424
2025-04-19,Middle East,Yemen,Sadah,Violence against civilians,Abduction/forced disappearance,1,0,106442.0,Political violence,3691.0,17.0883,44.0424
2025-08-16,Middle East,Yemen,Sadah,Violence against civilians,Abduction/forced disappearance,1,0,31616.0,Political violence,3691.0,17.0883,44.0424
2023-10-07,Middle East,Yemen,Sadah,Violence against civilians,Attack,1,0,1584.0,Political violence,3691.0,17.0883,44.0424
2023-10-14,Middle East,Yemen,Sadah,Violence against civilians,Attack,2,1,2283.0,Political violence,3691.0,17.0883,44.0424
2023-10-28,Middle East,Yemen,Sadah,Violence against civilians,Attack,1,0,1584.0,Political violence,3691.0,17.0883,44.0424
2023-11-04,Middle East,Yemen,Sadah,Violence against civilians,Attack,2,0,12674.0,Political violence,3691.0,17.0883,44.0424
2023-11-18,Middle East,Yemen,Sadah,Violence against civilians,Attack,1,1,17859.0,Political violence,3691.0,17.0883,44.0424
2023-11-25,Middle East,Yemen,Sadah,Violence against civilians,Attack,2,2,8601.0,Political violence,3691.0,17.0883,44.0424
2023-12-09,Middle East,Yemen,Sadah,Violence against civilians,Attack,1,0,1584.0,Political violence,3691.0,17.0883,44.0424
2023-12-16,Middle East,Yemen,Sadah,Violence against civilians,Attack,1,0,20618.0,Political violence,3691.0,17.0883,44.0424
2023-12-23,Middle East,Yemen,Sadah,Violence against civilians,Attack,1,0,5317.0,Political violence,3691.0,17.0883,44.0424
2024-01-13,Middle East,Yemen,Sadah,Violence against civilians,Attack,2,2,2571.0,Political violence,3691.0,17.0883,44.0424
2024-02-03,Middle East,Yemen,Sadah,Violence against civilians,Attack,2,2,16223.0,Political violence,3691.0,17.0883,44.0424
2024-02-24,Middle East,Yemen,Sadah,Violence against civilians,Attack,2,1,211172.0,Political violence,3691.0,17.0883,44.0424
2024-03-02,Middle East,Yemen,Sadah,Violence against civilians,Attack,2,0,32704.0,Political violence,3691.0,17.0883,44.0424
2024-03-09,Middle East,Yemen,Sadah,Violence against civilians,Attack,1,0,11601.0,Political violence,3691.0,17.0883,44.0424
2024-03-16,Middle East,Yemen,Sadah,Violence against civilians,Attack,2,0,5522.0,Political violence,3691.0,17.0883,44.0424
2024-03-30,Middle East,Yemen,Sadah,Violence against civilians,Attack,1,0,5522.0,Political violence,3691.0,17.0883,44.0424
2024-04-13,Middle East,Yemen,Sadah,Violence against civilians,Attack,1,1,19.0,Political violence,3691.0,17.0883,44.0424
2024-04-20,Middle East,Yemen,Sadah,Violence against civilians,Attack,1,0,1632.0,Political violence,3691.0,17.0883,44.0424
2024-04-27,Middle East,Yemen,Sadah,Violence against civilians,Attack,2,0,7154.0,Political violence,3691.0,17.0883,44.0424
2024-05-11,Middle East,Yemen,Sadah,Violence against civilians,Attack,2,1,1872.0,Political violence,3691.0,17.0883,44.0424
2024-05-18,Middle East,Yemen,Sadah,Violence against civilians,Attack,1,0,1872.0,Political violence,3691.0,17.0883,44.0424
2024-05-25,Middle East,Yemen,Sadah,Violence against civilians,Attack,1,0,20.0,Political violence,3691.0,17.0883,44.0424
2024-06-01,Middle East,Yemen,Sadah,Violence against civilians,Attack,1,0,1872.0,Political violence,3691.0,17.0883,44.0424
2024-06-08,Middle East,Yemen,Sadah,Violence against civilians,Attack,2,1,22881.0,Political violence,3691.0,17.0883,44.0424
2024-07-06,Middle East,Yemen,Sadah,Violence against civilians,Attack,2,0,5522.0,Political violence,3691.0,17.0883,44.0424
2024-07-13,Middle East,Yemen,Sadah,Violence against civilians,Attack,1,1,195.0,Political violence,3691.0,17.0883,44.0424
2024-08-10,Middle East,Yemen,Sadah,Violence against civilians,Attack,1,0,11601.0,Political violence,3691.0,17.0883,44.0424
2024-08-17,Middle East,Yemen,Sadah,Violence against civilians,Attack,3,0,17123.0,Political violence,3691.0,17.0883,44.0424
2024-10-05,Middle East,Yemen,Sadah,Violence against civilians,Attack,1,0,,Political violence,3691.0,17.0883,44.0424
2024-10-12,Middle East,Yemen,Sadah,Violence against civilians,Attack,1,0,33509.0,Political violence,3691.0,17.0883,44.0424
2024-10-26,Middle East,Yemen,Sadah,Violence against civilians,Attack,1,0,5522.0,Political violence,3691.0,17.0883,44.0424
2024-11-02,Middle East,Yemen,Sadah,Violence against civilians,Attack,2,2,14546.0,Political violence,3691.0,17.0883,44.0424
2024-11-23,Middle East,Yemen,Sadah,Violence against civilians,Attack,1,0,1872.0,Political violence,3691.0,17.0883,44.0424
2024-12-14,Middle East,Yemen,Sadah,Violence against civilians,Attack,5,0,24603.0,Political violence,3691.0,17.0883,44.0424
2024-12-21,Middle East,Yemen,Sadah,Violence against civilians,Attack,1,1,26430.0,Political violence,3691.0,17.0883,44.0424
2024-12-28,Middle East,Yemen,Sadah,Violence against civilians,Attack,3,2,52765.0,Political violence,3691.0,17.0883,44.0424
2025-01-11,Middle East,Yemen,Sadah,Violence against civilians,Attack,3,1,19937.0,Political violence,3691.0,17.0883,44.0424
2025-02-08,Middle East,Yemen,Sadah,Violence against civilians,Attack,1,1,135077.0,Political violence,3691.0,17.0883,44.0424
2025-02-22,Middle East,Yemen,Sadah,Violence against civilians,Attack,1,1,62541.0,Political violence,3691.0,17.0883,44.0424
2025-04-19,Middle East,Yemen,Sadah,Violence against civilians,Attack,1,1,17941.0,Political violence,3691.0,17.0883,44.0424
2025-05-03,Middle East,Yemen,Sadah,Violence against civilians,Attack,1,1,18869.0,Political violence,3691.0,17.0883,44.0424
2025-05-10,Middle East,Yemen,Sadah,Violence against civilians,Attack,1,1,2879.0,Political violence,3691.0,17.0883,44.0424
2025-05-17,Middle East,Yemen,Sadah,Violence against civilians,Attack,1,1,16782.0,Political violence,3691.0,17.0883,44.0424
2025-05-24,Middle East,Yemen,Sadah,Violence against civilians,Attack,2,0,11934.0,Political violence,3691.0,17.0883,44.0424
2025-07-05,Middle East,Yemen,Sadah,Violence against civilians,Attack,2,1,18869.0,Political violence,3691.0,17.0883,44.0424
2025-07-19,Middle East,Yemen,Sadah,Violence against civilians,Attack,1,0,11934.0,Political violence,3691.0,17.0883,44.0424
2025-08-09,Middle East,Yemen,Sadah,Violence against civilians,Attack,2,1,11956.0,Political violence,3691.0,17.0883,44.0424
2025-08-30,Middle East,Yemen,Sadah,Violence against civilians,Attack,1,1,60207.0,Political violence,3691.0,17.0883,44.0424
2025-09-13,Middle East,Yemen,Sadah,Violence against civilians,Attack,1,0,11934.0,Political violence,3691.0,17.0883,44.0424
2025-10-04,Middle East,Yemen,Sadah,Violence against civilians,Attack,1,0,11934.0,Political violence,3691.0,17.0883,44.0424
2025-11-08,Middle East,Yemen,Sadah,Violence against civilians,Attack,3,3,96201.0,Political violence,3691.0,17.0883,44.0424
2025-11-29,Middle East,Yemen,Sadah,Violence against civilians,Attack,5,1,29793.0,Political violence,3691.0,17.0883,44.0424
2025-12-06,Middle East,Yemen,Sadah,Violence against civilians,Attack,4,1,19971.0,Political violence,3691.0,17.0883,44.0424
2025-12-13,Middle East,Yemen,Sadah,Violence against civilians,Attack,2,1,17052.0,Political violence,3691.0,17.0883,44.0424
2025-12-20,Middle East,Yemen,Sadah,Violence against civilians,Attack,5,1,20796.0,Political violence,3691.0,17.0883,44.0424
2025-12-27,Middle East,Yemen,Sadah,Violence against civilians,Attack,1,0,12260.0,Political violence,3691.0,17.0883,44.0424
2026-01-03,Middle East,Yemen,Sadah,Violence against civilians,Attack,3,0,29382.0,Political violence,3691.0,17.0883,44.0424
2026-01-10,Middle East,Yemen,Sadah,Violence against civilians,Attack,2,0,14243.0,Political violence,3691.0,17.0883,44.0424
2026-01-17,Middle East,Yemen,Sadah,Violence against civilians,Attack,6,1,20877.0,Political violence,3691.0,17.0883,44.0424
2026-01-24,Middle East,Yemen,Sadah,Violence against civilians,Attack,7,2,14243.0,Political violence,3691.0,17.0883,44.0424
2026-01-31,Middle East,Yemen,Sadah,Violence against civilians,Attack,6,2,26233.0,Political violence,3691.0,17.0883,44.0424
2026-02-28,Middle East,Yemen,Sadah,Violence against civilians,Attack,3,1,29805.0,Political violence,3691.0,17.0883,44.0424
2026-03-21,Middle East,Yemen,Sadah,Violence against civilians,Attack,1,1,,Political violence,3691.0,17.0883,44.0424
2026-04-11,Middle East,Yemen,Sadah,Violence against civilians,Attack,1,1,66609.0,Political violence,3691.0,17.0883,44.0424
2023-10-21,Middle East,Yemen,Sanaa,Battles,Armed clash,2,1,21107.0,Political violence,3692.0,15.3931,44.4753
2024-06-22,Middle East,Yemen,Sanaa,Battles,Armed clash,1,0,3996.0,Political violence,3692.0,15.3931,44.4753
2024-06-29,Middle East,Yemen,Sanaa,Battles,Armed clash,3,0,18328.0,Political violence,3692.0,15.3931,44.4753
2024-07-20,Middle East,Yemen,Sanaa,Battles,Armed clash,2,0,64628.0,Political violence,3692.0,15.3931,44.4753
2024-09-21,Middle East,Yemen,Sanaa,Battles,Armed clash,1,0,14051.0,Political violence,3692.0,15.3931,44.4753
2024-10-19,Middle East,Yemen,Sanaa,Battles,Armed clash,1,7,14434.0,Political violence,3692.0,15.3931,44.4753
2024-12-21,Middle East,Yemen,Sanaa,Battles,Armed clash,1,0,10739.0,Political violence,3692.0,15.3931,44.4753
2025-05-17,Middle East,Yemen,Sanaa,Battles,Armed clash,1,0,13692.0,Political violence,3692.0,15.3931,44.4753
2025-05-24,Middle East,Yemen,Sanaa,Battles,Armed clash,1,0,5675.0,Political violence,3692.0,15.3931,44.4753
2025-05-31,Middle East,Yemen,Sanaa,Battles,Armed clash,1,0,6939.0,Political violence,3692.0,15.3931,44.4753
2025-09-13,Middle East,Yemen,Sanaa,Battles,Armed clash,1,8,10999.0,Political violence,3692.0,15.3931,44.4753
2025-09-27,Middle East,Yemen,Sanaa,Battles,Armed clash,1,3,12711.0,Political violence,3692.0,15.3931,44.4753
2025-10-18,Middle East,Yemen,Sanaa,Battles,Armed clash,3,2,10999.0,Political violence,3692.0,15.3931,44.4753
2025-12-13,Middle East,Yemen,Sanaa,Battles,Armed clash,4,0,2870.0,Political violence,3692.0,15.3931,44.4753
2026-01-31,Middle East,Yemen,Sanaa,Battles,Armed clash,1,2,10061.0,Political violence,3692.0,15.3931,44.4753
2026-02-21,Middle East,Yemen,Sanaa,Battles,Armed clash,2,3,13807.0,Political violence,3692.0,15.3931,44.4753
2026-03-07,Middle East,Yemen,Sanaa,Battles,Armed clash,1,1,10061.0,Political violence,3692.0,15.3931,44.4753
2026-03-28,Middle East,Yemen,Sanaa,Battles,Armed clash,1,3,1488.0,Political violence,3692.0,15.3931,44.4753
2024-01-06,Middle East,Yemen,Sanaa,Explosions/Remote violence,Air/drone strike,2,1,32345.0,Political violence,3692.0,15.3931,44.4753
2024-01-20,Middle East,Yemen,Sanaa,Explosions/Remote violence,Air/drone strike,1,0,33314.0,Political violence,3692.0,15.3931,44.4753
2024-02-03,Middle East,Yemen,Sanaa,Explosions/Remote violence,Air/drone strike,2,0,41762.0,Political violence,3692.0,15.3931,44.4753
2024-02-24,Middle East,Yemen,Sanaa,Explosions/Remote violence,Air/drone strike,4,0,82965.0,Political violence,3692.0,15.3931,44.4753
2024-03-16,Middle East,Yemen,Sanaa,Explosions/Remote violence,Air/drone strike,1,0,292205.0,Political violence,3692.0,15.3931,44.4753
2024-05-25,Middle East,Yemen,Sanaa,Explosions/Remote violence,Air/drone strike,1,0,5284.0,Political violence,3692.0,15.3931,44.4753
2024-08-24,Middle East,Yemen,Sanaa,Explosions/Remote violence,Air/drone strike,1,0,30118.0,Political violence,3692.0,15.3931,44.4753
2024-10-12,Middle East,Yemen,Sanaa,Explosions/Remote violence,Air/drone strike,1,0,2461.0,Political violence,3692.0,15.3931,44.4753
2024-11-09,Middle East,Yemen,Sanaa,Explosions/Remote violence,Air/drone strike,2,0,40773.0,Political violence,3692.0,15.3931,44.4753
2024-12-14,Middle East,Yemen,Sanaa,Explosions/Remote violence,Air/drone strike,1,0,17638.0,Political violence,3692.0,15.3931,44.4753
2024-12-21,Middle East,Yemen,Sanaa,Explosions/Remote violence,Air/drone strike,2,0,50760.0,Political violence,3692.0,15.3931,44.4753
2025-01-04,Middle East,Yemen,Sanaa,Explosions/Remote violence,Air/drone strike,4,0,59830.0,Political violence,3692.0,15.3931,44.4753
2025-01-18,Middle East,Yemen,Sanaa,Explosions/Remote violence,Air/drone strike,1,0,1436.0,Political violence,3692.0,15.3931,44.4753
2025-03-15,Middle East,Yemen,Sanaa,Explosions/Remote violence,Air/drone strike,6,8,135526.0,Political violence,3692.0,15.3931,44.4753
2025-03-22,Middle East,Yemen,Sanaa,Explosions/Remote violence,Air/drone strike,11,2,121734.0,Political violence,3692.0,15.3931,44.4753
2025-03-29,Middle East,Yemen,Sanaa,Explosions/Remote violence,Air/drone strike,8,3,81755.0,Political violence,3692.0,15.3931,44.4753
2025-04-05,Middle East,Yemen,Sanaa,Explosions/Remote violence,Air/drone strike,15,0,138699.0,Political violence,3692.0,15.3931,44.4753
2025-04-12,Middle East,Yemen,Sanaa,Explosions/Remote violence,Air/drone strike,9,7,129832.0,Political violence,3692.0,15.3931,44.4753
2025-04-19,Middle East,Yemen,Sanaa,Explosions/Remote violence,Air/drone strike,16,4,140757.0,Political violence,3692.0,15.3931,44.4753
2025-04-26,Middle East,Yemen,Sanaa,Explosions/Remote violence,Air/drone strike,13,4,153491.0,Political violence,3692.0,15.3931,44.4753
2025-05-03,Middle East,Yemen,Sanaa,Explosions/Remote violence,Air/drone strike,9,1,145690.0,Political violence,3692.0,15.3931,44.4753
2025-08-23,Middle East,Yemen,Sanaa,Explosions/Remote violence,Air/drone strike,2,5,45913.0,Political violence,3692.0,15.3931,44.4753
2025-08-16,Middle East,Yemen,Sanaa,Explosions/Remote violence,Shelling/artillery/missile attack,1,0,15733.0,Political violence,3692.0,15.3931,44.4753
2023-10-21,Middle East,Yemen,Sanaa,Violence against civilians,Abduction/forced disappearance,1,0,1772.0,Political violence,3692.0,15.3931,44.4753
2023-12-30,Middle East,Yemen,Sanaa,Violence against civilians,Abduction/forced disappearance,2,0,4823.0,Political violence,3692.0,15.3931,44.4753
2024-03-02,Middle East,Yemen,Sanaa,Violence against civilians,Abduction/forced disappearance,2,0,5047.0,Political violence,3692.0,15.3931,44.4753
2024-09-21,Middle East,Yemen,Sanaa,Violence against civilians,Abduction/forced disappearance,1,0,70492.0,Political violence,3692.0,15.3931,44.4753
2025-01-11,Middle East,Yemen,Sanaa,Violence against civilians,Abduction/forced disappearance,3,0,9543.0,Political violence,3692.0,15.3931,44.4753
2025-01-25,Middle East,Yemen,Sanaa,Violence against civilians,Abduction/forced disappearance,1,0,2734.0,Political violence,3692.0,15.3931,44.4753
2025-04-12,Middle East,Yemen,Sanaa,Violence against civilians,Abduction/forced disappearance,3,0,23156.0,Political violence,3692.0,15.3931,44.4753
2025-05-24,Middle East,Yemen,Sanaa,Violence against civilians,Abduction/forced disappearance,1,0,2086.0,Political violence,3692.0,15.3931,44.4753
2025-08-09,Middle East,Yemen,Sanaa,Violence against civilians,Abduction/forced disappearance,1,0,4425.0,Political violence,3692.0,15.3931,44.4753
2025-09-13,Middle East,Yemen,Sanaa,Violence against civilians,Abduction/forced disappearance,1,0,6919.0,Political violence,3692.0,15.3931,44.4753
2025-09-20,Middle East,Yemen,Sanaa,Violence against civilians,Abduction/forced disappearance,6,0,40569.0,Political violence,3692.0,15.3931,44.4753
2025-09-27,Middle East,Yemen,Sanaa,Violence against civilians,Abduction/forced disappearance,1,0,1497.0,Political violence,3692.0,15.3931,44.4753
2025-10-04,Middle East,Yemen,Sanaa,Violence against civilians,Abduction/forced disappearance,1,0,4105.0,Political violence,3692.0,15.3931,44.4753
2025-10-18,Middle East,Yemen,Sanaa,Violence against civilians,Abduction/forced disappearance,1,0,4572.0,Political violence,3692.0,15.3931,44.4753
2025-10-25,Middle East,Yemen,Sanaa,Violence against civilians,Abduction/forced disappearance,1,0,33178.0,Political violence,3692.0,15.3931,44.4753
2025-11-08,Middle East,Yemen,Sanaa,Violence against civilians,Abduction/forced disappearance,1,0,4105.0,Political violence,3692.0,15.3931,44.4753
2025-12-13,Middle East,Yemen,Sanaa,Violence against civilians,Abduction/forced disappearance,3,0,32968.0,Political violence,3692.0,15.3931,44.4753
2025-12-20,Middle East,Yemen,Sanaa,Violence against civilians,Abduction/forced disappearance,2,0,16870.0,Political violence,3692.0,15.3931,44.4753
2026-01-31,Middle East,Yemen,Sanaa,Violence against civilians,Abduction/forced disappearance,1,0,9756.0,Political violence,3692.0,15.3931,44.4753
2026-02-28,Middle East,Yemen,Sanaa,Violence against civilians,Abduction/forced disappearance,1,0,16175.0,Political violence,3692.0,15.3931,44.4753
2026-03-14,Middle East,Yemen,Sanaa,Violence against civilians,Abduction/forced disappearance,1,0,,Political violence,3692.0,15.3931,44.4753
2026-03-21,Middle East,Yemen,Sanaa,Violence against civilians,Abduction/forced disappearance,1,0,,Political violence,3692.0,15.3931,44.4753
2023-11-25,Middle East,Yemen,Sanaa,Violence against civilians,Attack,1,1,14306.0,Political violence,3692.0,15.3931,44.4753
2023-12-23,Middle East,Yemen,Sanaa,Violence against civilians,Attack,1,0,13154.0,Political violence,3692.0,15.3931,44.4753
2024-05-18,Middle East,Yemen,Sanaa,Violence against civilians,Attack,1,1,23074.0,Political violence,3692.0,15.3931,44.4753
2024-06-22,Middle East,Yemen,Sanaa,Violence against civilians,Attack,1,1,29230.0,Political violence,3692.0,15.3931,44.4753
2024-08-10,Middle East,Yemen,Sanaa,Violence against civilians,Attack,1,1,5541.0,Political violence,3692.0,15.3931,44.4753
2024-09-07,Middle East,Yemen,Sanaa,Violence against civilians,Attack,1,0,6800.0,Political violence,3692.0,15.3931,44.4753
2024-09-14,Middle East,Yemen,Sanaa,Violence against civilians,Attack,1,1,11293.0,Political violence,3692.0,15.3931,44.4753
2024-10-19,Middle East,Yemen,Sanaa,Violence against civilians,Attack,2,1,15832.0,Political violence,3692.0,15.3931,44.4753
2024-11-23,Middle East,Yemen,Sanaa,Violence against civilians,Attack,1,1,42129.0,Political violence,3692.0,15.3931,44.4753
2024-11-30,Middle East,Yemen,Sanaa,Violence against civilians,Attack,1,0,2036.0,Political violence,3692.0,15.3931,44.4753
2024-12-21,Middle East,Yemen,Sanaa,Violence against civilians,Attack,1,1,59887.0,Political violence,3692.0,15.3931,44.4753
2025-01-04,Middle East,Yemen,Sanaa,Violence against civilians,Attack,1,0,48970.0,Political violence,3692.0,15.3931,44.4753
2025-01-25,Middle East,Yemen,Sanaa,Violence against civilians,Attack,1,1,12574.0,Political violence,3692.0,15.3931,44.4753
2025-02-08,Middle East,Yemen,Sanaa,Violence against civilians,Attack,1,1,20725.0,Political violence,3692.0,15.3931,44.4753
2025-06-21,Middle East,Yemen,Sanaa,Violence against civilians,Attack,1,1,5061.0,Political violence,3692.0,15.3931,44.4753
2025-07-26,Middle East,Yemen,Sanaa,Violence against civilians,Attack,1,1,2828.0,Political violence,3692.0,15.3931,44.4753
2025-08-02,Middle East,Yemen,Sanaa,Violence against civilians,Attack,1,1,43931.0,Political violence,3692.0,15.3931,44.4753
2025-08-09,Middle East,Yemen,Sanaa,Violence against civilians,Attack,1,0,58338.0,Political violence,3692.0,15.3931,44.4753
2025-08-30,Middle East,Yemen,Sanaa,Violence against civilians,Attack,1,0,9090.0,Political violence,3692.0,15.3931,44.4753
2025-09-20,Middle East,Yemen,Sanaa,Violence against civilians,Attack,1,0,4763.0,Political violence,3692.0,15.3931,44.4753
2025-09-27,Middle East,Yemen,Sanaa,Violence against civilians,Attack,1,0,4763.0,Political violence,3692.0,15.3931,44.4753
2025-12-13,Middle East,Yemen,Sanaa,Violence against civilians,Attack,1,6,18920.0,Political violence,3692.0,15.3931,44.4753
2025-12-20,Middle East,Yemen,Sanaa,Violence against civilians,Attack,1,0,9387.0,Political violence,3692.0,15.3931,44.4753
2026-02-14,Middle East,Yemen,Sanaa,Violence against civilians,Attack,1,0,9756.0,Political violence,3692.0,15.3931,44.4753
2026-03-07,Middle East,Yemen,Sanaa,Violence against civilians,Attack,1,1,10061.0,Political violence,3692.0,15.3931,44.4753
2026-03-21,Middle East,Yemen,Sanaa,Violence against civilians,Attack,1,3,1834.0,Political violence,3692.0,15.3931,44.4753
2026-03-28,Middle East,Yemen,Sanaa,Violence against civilians,Attack,1,1,1488.0,Political violence,3692.0,15.3931,44.4753
2026-04-18,Middle East,Yemen,Sanaa,Violence against civilians,Attack,1,0,2417.0,Political violence,3692.0,15.3931,44.4753
2023-10-07,Middle East,Yemen,Shabwah,Battles,Armed clash,4,0,34204.0,Political violence,3693.0,14.651,46.62
2023-10-14,Middle East,Yemen,Shabwah,Battles,Armed clash,3,0,56456.0,Political violence,3693.0,14.651,46.62
2023-10-21,Middle East,Yemen,Shabwah,Battles,Armed clash,4,2,12645.0,Political violence,3693.0,14.651,46.62
2023-10-28,Middle East,Yemen,Shabwah,Battles,Armed clash,4,1,22008.0,Political violence,3693.0,14.651,46.62
2023-11-04,Middle East,Yemen,Shabwah,Battles,Armed clash,1,0,17402.0,Political violence,3693.0,14.651,46.62
2023-11-11,Middle East,Yemen,Shabwah,Battles,Armed clash,2,2,16538.0,Political violence,3693.0,14.651,46.62
2023-11-18,Middle East,Yemen,Shabwah,Battles,Armed clash,2,0,,Political violence,3693.0,14.651,46.62
2023-11-25,Middle East,Yemen,Shabwah,Battles,Armed clash,1,0,4342.0,Political violence,3693.0,14.651,46.62
2023-12-02,Middle East,Yemen,Shabwah,Battles,Armed clash,5,0,13922.0,Political violence,3693.0,14.651,46.62
2023-12-09,Middle East,Yemen,Shabwah,Battles,Armed clash,4,3,35915.0,Political violence,3693.0,14.651,46.62
2023-12-16,Middle East,Yemen,Shabwah,Battles,Armed clash,1,0,19964.0,Political violence,3693.0,14.651,46.62
2023-12-23,Middle East,Yemen,Shabwah,Battles,Armed clash,1,0,3596.0,Political violence,3693.0,14.651,46.62
2023-12-30,Middle East,Yemen,Shabwah,Battles,Armed clash,2,1,11876.0,Political violence,3693.0,14.651,46.62
2024-01-06,Middle East,Yemen,Shabwah,Battles,Armed clash,2,3,19872.0,Political violence,3693.0,14.651,46.62
2024-01-13,Middle East,Yemen,Shabwah,Battles,Armed clash,2,4,43585.0,Political violence,3693.0,14.651,46.62
2024-01-20,Middle East,Yemen,Shabwah,Battles,Armed clash,4,1,42091.0,Political violence,3693.0,14.651,46.62
2024-01-27,Middle East,Yemen,Shabwah,Battles,Armed clash,7,32,49648.0,Political violence,3693.0,14.651,46.62
2024-02-10,Middle East,Yemen,Shabwah,Battles,Armed clash,2,0,43585.0,Political violence,3693.0,14.651,46.62
2024-02-17,Middle East,Yemen,Shabwah,Battles,Armed clash,1,0,88.0,Political violence,3693.0,14.651,46.62
2024-02-24,Middle East,Yemen,Shabwah,Battles,Armed clash,4,11,30394.0,Political violence,3693.0,14.651,46.62
2024-03-09,Middle East,Yemen,Shabwah,Battles,Armed clash,2,0,1920.0,Political violence,3693.0,14.651,46.62
2024-03-16,Middle East,Yemen,Shabwah,Battles,Armed clash,2,0,65940.0,Political violence,3693.0,14.651,46.62
2024-03-23,Middle East,Yemen,Shabwah,Battles,Armed clash,2,2,92239.0,Political violence,3693.0,14.651,46.62
2024-04-13,Middle East,Yemen,Shabwah,Battles,Armed clash,1,0,43570.0,Political violence,3693.0,14.651,46.62
2024-04-20,Middle East,Yemen,Shabwah,Battles,Armed clash,1,0,23610.0,Political violence,3693.0,14.651,46.62
2024-04-27,Middle East,Yemen,Shabwah,Battles,Armed clash,1,0,23610.0,Political violence,3693.0,14.651,46.62
2024-05-11,Middle East,Yemen,Shabwah,Battles,Armed clash,2,5,1970.0,Political violence,3693.0,14.651,46.62
2024-05-18,Middle East,Yemen,Shabwah,Battles,Armed clash,1,0,705.0,Political violence,3693.0,14.651,46.62
2024-06-08,Middle East,Yemen,Shabwah,Battles,Armed clash,1,0,7517.0,Political violence,3693.0,14.651,46.62
2024-06-15,Middle East,Yemen,Shabwah,Battles,Armed clash,1,3,1764.0,Political violence,3693.0,14.651,46.62
2024-06-22,Middle East,Yemen,Shabwah,Battles,Armed clash,4,1,27834.0,Political violence,3693.0,14.651,46.62
2024-06-29,Middle East,Yemen,Shabwah,Battles,Armed clash,8,7,59509.0,Political violence,3693.0,14.651,46.62
2024-07-06,Middle East,Yemen,Shabwah,Battles,Armed clash,3,2,31063.0,Political violence,3693.0,14.651,46.62
2024-07-13,Middle East,Yemen,Shabwah,Battles,Armed clash,2,3,25471.0,Political violence,3693.0,14.651,46.62
2024-07-20,Middle East,Yemen,Shabwah,Battles,Armed clash,1,0,15807.0,Political violence,3693.0,14.651,46.62
2024-08-03,Middle East,Yemen,Shabwah,Battles,Armed clash,8,1,85061.0,Political violence,3693.0,14.651,46.62
2024-08-10,Middle East,Yemen,Shabwah,Battles,Armed clash,6,13,87297.0,Political violence,3693.0,14.651,46.62
2024-08-17,Middle East,Yemen,Shabwah,Battles,Armed clash,2,0,46676.0,Political violence,3693.0,14.651,46.62
2024-08-24,Middle East,Yemen,Shabwah,Battles,Armed clash,1,0,2007.0,Political violence,3693.0,14.651,46.62
2024-08-31,Middle East,Yemen,Shabwah,Battles,Armed clash,3,10,13733.0,Political violence,3693.0,14.651,46.62
2024-09-07,Middle East,Yemen,Shabwah,Battles,Armed clash,5,33,80231.0,Political violence,3693.0,14.651,46.62
2024-09-14,Middle East,Yemen,Shabwah,Battles,Armed clash,3,3,61042.0,Political violence,3693.0,14.651,46.62
2024-09-21,Middle East,Yemen,Shabwah,Battles,Armed clash,3,0,29205.0,Political violence,3693.0,14.651,46.62
2024-09-28,Middle East,Yemen,Shabwah,Battles,Armed clash,4,0,27235.0,Political violence,3693.0,14.651,46.62
2024-10-05,Middle East,Yemen,Shabwah,Battles,Armed clash,2,20,67419.0,Political violence,3693.0,14.651,46.62
2024-10-19,Middle East,Yemen,Shabwah,Battles,Armed clash,2,1,17139.0,Political violence,3693.0,14.651,46.62
2024-10-26,Middle East,Yemen,Shabwah,Battles,Armed clash,3,0,8825.0,Political violence,3693.0,14.651,46.62
2024-11-02,Middle East,Yemen,Shabwah,Battles,Armed clash,5,3,48303.0,Political violence,3693.0,14.651,46.62
2024-11-09,Middle East,Yemen,Shabwah,Battles,Armed clash,3,2,42173.0,Political violence,3693.0,14.651,46.62
2024-11-16,Middle East,Yemen,Shabwah,Battles,Armed clash,3,0,29747.0,Political violence,3693.0,14.651,46.62
2024-11-23,Middle East,Yemen,Shabwah,Battles,Armed clash,5,2,84578.0,Political violence,3693.0,14.651,46.62
2024-11-30,Middle East,Yemen,Shabwah,Battles,Armed clash,3,0,27125.0,Political violence,3693.0,14.651,46.62
2024-12-07,Middle East,Yemen,Shabwah,Battles,Armed clash,4,0,38982.0,Political violence,3693.0,14.651,46.62
2024-12-14,Middle East,Yemen,Shabwah,Battles,Armed clash,3,0,27135.0,Political violence,3693.0,14.651,46.62
2024-12-21,Middle East,Yemen,Shabwah,Battles,Armed clash,3,0,7675.0,Political violence,3693.0,14.651,46.62
2024-12-28,Middle East,Yemen,Shabwah,Battles,Armed clash,2,0,3605.0,Political violence,3693.0,14.651,46.62
2025-01-04,Middle East,Yemen,Shabwah,Battles,Armed clash,8,6,34243.0,Political violence,3693.0,14.651,46.62
2025-01-11,Middle East,Yemen,Shabwah,Battles,Armed clash,1,0,2058.0,Political violence,3693.0,14.651,46.62
2025-01-18,Middle East,Yemen,Shabwah,Battles,Armed clash,5,3,53335.0,Political violence,3693.0,14.651,46.62
2025-01-25,Middle East,Yemen,Shabwah,Battles,Armed clash,5,0,32288.0,Political violence,3693.0,14.651,46.62
2025-02-01,Middle East,Yemen,Shabwah,Battles,Armed clash,5,2,22976.0,Political violence,3693.0,14.651,46.62
2025-02-08,Middle East,Yemen,Shabwah,Battles,Armed clash,3,5,8750.0,Political violence,3693.0,14.651,46.62
2025-02-15,Middle East,Yemen,Shabwah,Battles,Armed clash,4,0,8933.0,Political violence,3693.0,14.651,46.62
2025-02-22,Middle East,Yemen,Shabwah,Battles,Armed clash,4,0,11880.0,Political violence,3693.0,14.651,46.62
2025-03-01,Middle East,Yemen,Shabwah,Battles,Armed clash,3,1,8224.0,Political violence,3693.0,14.651,46.62
2025-03-08,Middle East,Yemen,Shabwah,Battles,Armed clash,2,0,6875.0,Political violence,3693.0,14.651,46.62
2025-03-15,Middle East,Yemen,Shabwah,Battles,Armed clash,2,0,5828.0,Political violence,3693.0,14.651,46.62
2025-03-22,Middle East,Yemen,Shabwah,Battles,Armed clash,2,1,41074.0,Political violence,3693.0,14.651,46.62
2025-03-29,Middle East,Yemen,Shabwah,Battles,Armed clash,1,0,2848.0,Political violence,3693.0,14.651,46.62
2025-04-12,Middle East,Yemen,Shabwah,Battles,Armed clash,2,1,27171.0,Political violence,3693.0,14.651,46.62
2025-04-19,Middle East,Yemen,Shabwah,Battles,Armed clash,2,0,2058.0,Political violence,3693.0,14.651,46.62
2025-04-26,Middle East,Yemen,Shabwah,Battles,Armed clash,2,0,12390.0,Political violence,3693.0,14.651,46.62
2025-05-03,Middle East,Yemen,Shabwah,Battles,Armed clash,3,5,72083.0,Political violence,3693.0,14.651,46.62
2025-05-10,Middle East,Yemen,Shabwah,Battles,Armed clash,2,0,17199.0,Political violence,3693.0,14.651,46.62
2025-05-17,Middle East,Yemen,Shabwah,Battles,Armed clash,4,0,13513.0,Political violence,3693.0,14.651,46.62
2025-05-24,Middle East,Yemen,Shabwah,Battles,Armed clash,3,1,15012.0,Political violence,3693.0,14.651,46.62
2025-05-31,Middle East,Yemen,Shabwah,Battles,Armed clash,2,0,6770.0,Political violence,3693.0,14.651,46.62
2025-06-07,Middle East,Yemen,Shabwah,Battles,Armed clash,5,1,53893.0,Political violence,3693.0,14.651,46.62
2025-06-14,Middle East,Yemen,Shabwah,Battles,Armed clash,6,0,36605.0,Political violence,3693.0,14.651,46.62
2025-06-21,Middle East,Yemen,Shabwah,Battles,Armed clash,7,1,23739.0,Political violence,3693.0,14.651,46.62
2025-06-28,Middle East,Yemen,Shabwah,Battles,Armed clash,2,0,29739.0,Political violence,3693.0,14.651,46.62
2025-07-12,Middle East,Yemen,Shabwah,Battles,Armed clash,2,0,44325.0,Political violence,3693.0,14.651,46.62
2025-07-19,Middle East,Yemen,Shabwah,Battles,Armed clash,4,4,26041.0,Political violence,3693.0,14.651,46.62
2025-07-26,Middle East,Yemen,Shabwah,Battles,Armed clash,4,2,71724.0,Political violence,3693.0,14.651,46.62
2025-08-02,Middle East,Yemen,Shabwah,Battles,Armed clash,1,0,9493.0,Political violence,3693.0,14.651,46.62
2025-08-09,Middle East,Yemen,Shabwah,Battles,Armed clash,3,0,7512.0,Political violence,3693.0,14.651,46.62
2025-08-16,Middle East,Yemen,Shabwah,Battles,Armed clash,2,0,58481.0,Political violence,3693.0,14.651,46.62
2025-08-23,Middle East,Yemen,Shabwah,Battles,Armed clash,2,1,3516.0,Political violence,3693.0,14.651,46.62
2025-08-30,Middle East,Yemen,Shabwah,Battles,Armed clash,2,2,36102.0,Political violence,3693.0,14.651,46.62
2025-09-06,Middle East,Yemen,Shabwah,Battles,Armed clash,4,1,71930.0,Political violence,3693.0,14.651,46.62
2025-09-13,Middle East,Yemen,Shabwah,Battles,Armed clash,1,0,38511.0,Political violence,3693.0,14.651,46.62
2025-09-20,Middle East,Yemen,Shabwah,Battles,Armed clash,1,0,4837.0,Political violence,3693.0,14.651,46.62
2025-09-27,Middle East,Yemen,Shabwah,Battles,Armed clash,1,0,24584.0,Political violence,3693.0,14.651,46.62
2025-10-18,Middle East,Yemen,Shabwah,Battles,Armed clash,2,0,44307.0,Political violence,3693.0,14.651,46.62
2025-10-25,Middle East,Yemen,Shabwah,Battles,Armed clash,2,0,10633.0,Political violence,3693.0,14.651,46.62
2025-11-01,Middle East,Yemen,Shabwah,Battles,Armed clash,3,14,7210.0,Political violence,3693.0,14.651,46.62
2025-11-15,Middle East,Yemen,Shabwah,Battles,Armed clash,2,0,886.0,Political violence,3693.0,14.651,46.62
2025-11-22,Middle East,Yemen,Shabwah,Battles,Armed clash,1,3,,Political violence,3693.0,14.651,46.62
2025-11-29,Middle East,Yemen,Shabwah,Battles,Armed clash,2,10,2058.0,Political violence,3693.0,14.651,46.62
2025-12-06,Middle East,Yemen,Shabwah,Battles,Armed clash,8,12,26851.0,Political violence,3693.0,14.651,46.62
2025-12-13,Middle East,Yemen,Shabwah,Battles,Armed clash,4,1,70751.0,Political violence,3693.0,14.651,46.62
2025-12-20,Middle East,Yemen,Shabwah,Battles,Armed clash,2,3,29875.0,Political violence,3693.0,14.651,46.62
2025-12-27,Middle East,Yemen,Shabwah,Battles,Armed clash,2,1,14801.0,Political violence,3693.0,14.651,46.62
2026-01-03,Middle East,Yemen,Shabwah,Battles,Armed clash,3,0,46391.0,Political violence,3693.0,14.651,46.62
2026-01-10,Middle East,Yemen,Shabwah,Battles,Armed clash,2,0,6783.0,Political violence,3693.0,14.651,46.62
2026-01-17,Middle East,Yemen,Shabwah,Battles,Armed clash,1,0,6783.0,Political violence,3693.0,14.651,46.62
2026-01-24,Middle East,Yemen,Shabwah,Battles,Armed clash,2,0,6783.0,Political violence,3693.0,14.651,46.62
2026-02-07,Middle East,Yemen,Shabwah,Battles,Armed clash,1,4,39608.0,Political violence,3693.0,14.651,46.62
2026-02-28,Middle East,Yemen,Shabwah,Battles,Armed clash,2,14,47938.0,Political violence,3693.0,14.651,46.62
2026-03-07,Middle East,Yemen,Shabwah,Battles,Armed clash,2,0,33414.0,Political violence,3693.0,14.651,46.62
2026-03-14,Middle East,Yemen,Shabwah,Battles,Armed clash,1,0,,Political violence,3693.0,14.651,46.62
2026-03-28,Middle East,Yemen,Shabwah,Battles,Armed clash,1,0,33414.0,Political violence,3693.0,14.651,46.62
2026-04-04,Middle East,Yemen,Shabwah,Battles,Armed clash,6,15,44300.0,Political violence,3693.0,14.651,46.62
2026-04-11,Middle East,Yemen,Shabwah,Battles,Armed clash,2,0,,Political violence,3693.0,14.651,46.62
2026-04-18,Middle East,Yemen,Shabwah,Battles,Armed clash,1,0,,Political violence,3693.0,14.651,46.62
2023-10-14,Middle East,Yemen,Shabwah,Explosions/Remote violence,Air/drone strike,1,0,22901.0,Political violence,3693.0,14.651,46.62
2024-02-24,Middle East,Yemen,Shabwah,Explosions/Remote violence,Air/drone strike,1,1,22673.0,Political violence,3693.0,14.651,46.62
2024-04-20,Middle East,Yemen,Shabwah,Explosions/Remote violence,Air/drone strike,1,1,3891.0,Political violence,3693.0,14.651,46.62
2024-05-04,Middle East,Yemen,Shabwah,Explosions/Remote violence,Air/drone strike,1,2,3891.0,Political violence,3693.0,14.651,46.62
2024-06-15,Middle East,Yemen,Shabwah,Explosions/Remote violence,Air/drone strike,2,0,3891.0,Political violence,3693.0,14.651,46.62
2024-06-29,Middle East,Yemen,Shabwah,Explosions/Remote violence,Air/drone strike,1,0,3891.0,Political violence,3693.0,14.651,46.62
2024-09-07,Middle East,Yemen,Shabwah,Explosions/Remote violence,Air/drone strike,1,0,23849.0,Political violence,3693.0,14.651,46.62
2025-01-04,Middle East,Yemen,Shabwah,Explosions/Remote violence,Air/drone strike,1,0,24623.0,Political violence,3693.0,14.651,46.62
2025-01-11,Middle East,Yemen,Shabwah,Explosions/Remote violence,Air/drone strike,2,1,52023.0,Political violence,3693.0,14.651,46.62
2025-01-18,Middle East,Yemen,Shabwah,Explosions/Remote violence,Air/drone strike,1,2,24623.0,Political violence,3693.0,14.651,46.62
2025-01-25,Middle East,Yemen,Shabwah,Explosions/Remote violence,Air/drone strike,1,0,3605.0,Political violence,3693.0,14.651,46.62
2025-02-08,Middle East,Yemen,Shabwah,Explosions/Remote violence,Air/drone strike,3,2,72269.0,Political violence,3693.0,14.651,46.62
2025-04-12,Middle East,Yemen,Shabwah,Explosions/Remote violence,Air/drone strike,1,1,24623.0,Political violence,3693.0,14.651,46.62
2025-05-10,Middle East,Yemen,Shabwah,Explosions/Remote violence,Air/drone strike,2,2,5815.0,Political violence,3693.0,14.651,46.62
2025-05-17,Middle East,Yemen,Shabwah,Explosions/Remote violence,Air/drone strike,2,2,4273.0,Political violence,3693.0,14.651,46.62
2025-05-24,Middle East,Yemen,Shabwah,Explosions/Remote violence,Air/drone strike,4,0,47577.0,Political violence,3693.0,14.651,46.62
2025-06-07,Middle East,Yemen,Shabwah,Explosions/Remote violence,Air/drone strike,1,0,6365.0,Political violence,3693.0,14.651,46.62
2025-08-23,Middle East,Yemen,Shabwah,Explosions/Remote violence,Air/drone strike,1,1,33112.0,Political violence,3693.0,14.651,46.62
2025-09-13,Middle East,Yemen,Shabwah,Explosions/Remote violence,Air/drone strike,1,2,27509.0,Political violence,3693.0,14.651,46.62
2025-10-18,Middle East,Yemen,Shabwah,Explosions/Remote violence,Air/drone strike,1,1,2058.0,Political violence,3693.0,14.651,46.62
2025-11-01,Middle East,Yemen,Shabwah,Explosions/Remote violence,Air/drone strike,3,0,35247.0,Political violence,3693.0,14.651,46.62
2025-11-08,Middle East,Yemen,Shabwah,Explosions/Remote violence,Air/drone strike,1,2,27509.0,Political violence,3693.0,14.651,46.62
2025-11-15,Middle East,Yemen,Shabwah,Explosions/Remote violence,Air/drone strike,1,0,,Political violence,3693.0,14.651,46.62
2025-11-29,Middle East,Yemen,Shabwah,Explosions/Remote violence,Air/drone strike,1,0,1993.0,Political violence,3693.0,14.651,46.62
2025-12-06,Middle East,Yemen,Shabwah,Explosions/Remote violence,Air/drone strike,2,3,1993.0,Political violence,3693.0,14.651,46.62
2025-12-20,Middle East,Yemen,Shabwah,Explosions/Remote violence,Air/drone strike,1,0,1993.0,Political violence,3693.0,14.651,46.62
2026-01-10,Middle East,Yemen,Shabwah,Explosions/Remote violence,Air/drone strike,1,0,24760.0,Political violence,3693.0,14.651,46.62
2026-01-17,Middle East,Yemen,Shabwah,Explosions/Remote violence,Air/drone strike,2,3,25796.0,Political violence,3693.0,14.651,46.62
2026-02-07,Middle East,Yemen,Shabwah,Explosions/Remote violence,Air/drone strike,1,1,2018.0,Political violence,3693.0,14.651,46.62
2026-03-28,Middle East,Yemen,Shabwah,Explosions/Remote violence,Air/drone strike,4,1,13098.0,Political violence,3693.0,14.651,46.62
2026-04-04,Middle East,Yemen,Shabwah,Explosions/Remote violence,Air/drone strike,1,0,,Political violence,3693.0,14.651,46.62
2026-04-11,Middle East,Yemen,Shabwah,Explosions/Remote violence,Air/drone strike,1,1,6783.0,Political violence,3693.0,14.651,46.62
2023-10-07,Middle East,Yemen,Shabwah,Explosions/Remote violence,Shelling/artillery/missile attack,1,0,552.0,Political violence,3693.0,14.651,46.62
2023-10-14,Middle East,Yemen,Shabwah,Explosions/Remote violence,Shelling/artillery/missile attack,1,0,,Political violence,3693.0,14.651,46.62
2023-11-25,Middle East,Yemen,Shabwah,Explosions/Remote violence,Shelling/artillery/missile attack,2,0,,Political violence,3693.0,14.651,46.62
2023-12-23,Middle East,Yemen,Shabwah,Explosions/Remote violence,Shelling/artillery/missile attack,1,0,3596.0,Political violence,3693.0,14.651,46.62
2024-01-06,Middle East,Yemen,Shabwah,Explosions/Remote violence,Shelling/artillery/missile attack,1,6,7304.0,Political violence,3693.0,14.651,46.62
2024-01-13,Middle East,Yemen,Shabwah,Explosions/Remote violence,Shelling/artillery/missile attack,1,0,15.0,Political violence,3693.0,14.651,46.62
2024-01-20,Middle East,Yemen,Shabwah,Explosions/Remote violence,Shelling/artillery/missile attack,1,0,23044.0,Political violence,3693.0,14.651,46.62
2024-01-27,Middle East,Yemen,Shabwah,Explosions/Remote violence,Shelling/artillery/missile attack,2,11,45061.0,Political violence,3693.0,14.651,46.62
2024-02-03,Middle East,Yemen,Shabwah,Explosions/Remote violence,Shelling/artillery/missile attack,1,0,22673.0,Political violence,3693.0,14.651,46.62
2024-02-17,Middle East,Yemen,Shabwah,Explosions/Remote violence,Shelling/artillery/missile attack,1,0,17969.0,Political violence,3693.0,14.651,46.62
2024-04-13,Middle East,Yemen,Shabwah,Explosions/Remote violence,Shelling/artillery/missile attack,1,0,22673.0,Political violence,3693.0,14.651,46.62
2024-07-13,Middle East,Yemen,Shabwah,Explosions/Remote violence,Shelling/artillery/missile attack,1,0,23849.0,Political violence,3693.0,14.651,46.62
2024-09-28,Middle East,Yemen,Shabwah,Explosions/Remote violence,Shelling/artillery/missile attack,1,0,5856.0,Political violence,3693.0,14.651,46.62
2024-10-12,Middle East,Yemen,Shabwah,Explosions/Remote violence,Shelling/artillery/missile attack,1,1,23849.0,Political violence,3693.0,14.651,46.62
2024-10-19,Middle East,Yemen,Shabwah,Explosions/Remote violence,Shelling/artillery/missile attack,1,0,5856.0,Political violence,3693.0,14.651,46.62
2024-10-26,Middle East,Yemen,Shabwah,Explosions/Remote violence,Shelling/artillery/missile attack,2,0,29705.0,Political violence,3693.0,14.651,46.62
2024-11-02,Middle East,Yemen,Shabwah,Explosions/Remote violence,Shelling/artillery/missile attack,1,0,23849.0,Political violence,3693.0,14.651,46.62
2024-11-30,Middle East,Yemen,Shabwah,Explosions/Remote violence,Shelling/artillery/missile attack,1,0,23849.0,Political violence,3693.0,14.651,46.62
2024-12-07,Middle East,Yemen,Shabwah,Explosions/Remote violence,Shelling/artillery/missile attack,1,0,23849.0,Political violence,3693.0,14.651,46.62
2024-12-14,Middle East,Yemen,Shabwah,Explosions/Remote violence,Shelling/artillery/missile attack,2,0,26776.0,Political violence,3693.0,14.651,46.62
2024-12-21,Middle East,Yemen,Shabwah,Explosions/Remote violence,Shelling/artillery/missile attack,1,0,2007.0,Political violence,3693.0,14.651,46.62
2025-01-11,Middle East,Yemen,Shabwah,Explosions/Remote violence,Shelling/artillery/missile attack,1,0,3605.0,Political violence,3693.0,14.651,46.62
2025-01-18,Middle East,Yemen,Shabwah,Explosions/Remote violence,Shelling/artillery/missile attack,1,0,3001.0,Political violence,3693.0,14.651,46.62
2025-03-01,Middle East,Yemen,Shabwah,Explosions/Remote violence,Shelling/artillery/missile attack,1,0,6365.0,Political violence,3693.0,14.651,46.62
2025-05-24,Middle East,Yemen,Shabwah,Explosions/Remote violence,Shelling/artillery/missile attack,1,0,1962.0,Political violence,3693.0,14.651,46.62
2025-09-27,Middle East,Yemen,Shabwah,Explosions/Remote violence,Shelling/artillery/missile attack,1,0,1993.0,Political violence,3693.0,14.651,46.62
2025-11-08,Middle East,Yemen,Shabwah,Explosions/Remote violence,Shelling/artillery/missile attack,2,0,5018.0,Political violence,3693.0,14.651,46.62
2023-12-02,Middle East,Yemen,Shabwah,Violence against civilians,Abduction/forced disappearance,2,0,30676.0,Political violence,3693.0,14.651,46.62
2023-12-09,Middle East,Yemen,Shabwah,Violence against civilians,Abduction/forced disappearance,1,0,4811.0,Political violence,3693.0,14.651,46.62
2024-02-17,Middle East,Yemen,Shabwah,Violence against civilians,Abduction/forced disappearance,1,0,18498.0,Political violence,3693.0,14.651,46.62
2024-02-24,Middle East,Yemen,Shabwah,Violence against civilians,Abduction/forced disappearance,1,0,18498.0,Political violence,3693.0,14.651,46.62
2024-03-16,Middle East,Yemen,Shabwah,Violence against civilians,Abduction/forced disappearance,1,0,50423.0,Political violence,3693.0,14.651,46.62
2024-04-20,Middle East,Yemen,Shabwah,Violence against civilians,Abduction/forced disappearance,1,0,19927.0,Political violence,3693.0,14.651,46.62
2024-04-27,Middle East,Yemen,Shabwah,Violence against civilians,Abduction/forced disappearance,1,0,19927.0,Political violence,3693.0,14.651,46.62
2024-06-01,Middle East,Yemen,Shabwah,Violence against civilians,Abduction/forced disappearance,1,0,19927.0,Political violence,3693.0,14.651,46.62
2024-07-13,Middle East,Yemen,Shabwah,Violence against civilians,Abduction/forced disappearance,1,0,18943.0,Political violence,3693.0,14.651,46.62
2024-08-10,Middle East,Yemen,Shabwah,Violence against civilians,Abduction/forced disappearance,1,0,12519.0,Political violence,3693.0,14.651,46.62
2024-08-31,Middle East,Yemen,Shabwah,Violence against civilians,Abduction/forced disappearance,1,0,31509.0,Political violence,3693.0,14.651,46.62
2024-10-26,Middle East,Yemen,Shabwah,Violence against civilians,Abduction/forced disappearance,1,0,16415.0,Political violence,3693.0,14.651,46.62
2024-11-09,Middle East,Yemen,Shabwah,Violence against civilians,Abduction/forced disappearance,1,0,18498.0,Political violence,3693.0,14.651,46.62
2024-12-07,Middle East,Yemen,Shabwah,Violence against civilians,Abduction/forced disappearance,2,0,7873.0,Political violence,3693.0,14.651,46.62
2025-03-15,Middle East,Yemen,Shabwah,Violence against civilians,Abduction/forced disappearance,1,0,20527.0,Political violence,3693.0,14.651,46.62
2025-08-23,Middle East,Yemen,Shabwah,Violence against civilians,Abduction/forced disappearance,1,0,404.0,Political violence,3693.0,14.651,46.62
2025-08-30,Middle East,Yemen,Shabwah,Violence against civilians,Abduction/forced disappearance,2,0,26664.0,Political violence,3693.0,14.651,46.62
2025-09-06,Middle East,Yemen,Shabwah,Violence against civilians,Abduction/forced disappearance,1,0,26664.0,Political violence,3693.0,14.651,46.62
2025-10-25,Middle East,Yemen,Shabwah,Violence against civilians,Abduction/forced disappearance,1,0,26664.0,Political violence,3693.0,14.651,46.62
2025-11-08,Middle East,Yemen,Shabwah,Violence against civilians,Abduction/forced disappearance,1,0,13044.0,Political violence,3693.0,14.651,46.62
2026-01-17,Middle East,Yemen,Shabwah,Violence against civilians,Abduction/forced disappearance,1,0,27414.0,Political violence,3693.0,14.651,46.62
2023-10-07,Middle East,Yemen,Shabwah,Violence against civilians,Attack,1,1,12196.0,Political violence,3693.0,14.651,46.62
2023-10-28,Middle East,Yemen,Shabwah,Violence against civilians,Attack,1,0,12989.0,Political violence,3693.0,14.651,46.62
2023-11-25,Middle East,Yemen,Shabwah,Violence against civilians,Attack,1,2,25737.0,Political violence,3693.0,14.651,46.62
2023-12-09,Middle East,Yemen,Shabwah,Violence against civilians,Attack,1,1,7432.0,Political violence,3693.0,14.651,46.62
2023-12-16,Middle East,Yemen,Shabwah,Violence against civilians,Attack,1,0,10200.0,Political violence,3693.0,14.651,46.62
2024-01-06,Middle East,Yemen,Shabwah,Violence against civilians,Attack,2,1,52100.0,Political violence,3693.0,14.651,46.62
2024-01-13,Middle East,Yemen,Shabwah,Violence against civilians,Attack,1,0,31509.0,Political violence,3693.0,14.651,46.62
2024-03-09,Middle East,Yemen,Shabwah,Violence against civilians,Attack,1,1,25360.0,Political violence,3693.0,14.651,46.62
2024-03-23,Middle East,Yemen,Shabwah,Violence against civilians,Attack,2,0,79567.0,Political violence,3693.0,14.651,46.62
2024-03-30,Middle East,Yemen,Shabwah,Violence against civilians,Attack,1,1,3342.0,Political violence,3693.0,14.651,46.62
2024-04-06,Middle East,Yemen,Shabwah,Violence against civilians,Attack,2,1,30027.0,Political violence,3693.0,14.651,46.62
2024-04-20,Middle East,Yemen,Shabwah,Violence against civilians,Attack,2,1,57420.0,Political violence,3693.0,14.651,46.62
2024-04-27,Middle East,Yemen,Shabwah,Violence against civilians,Attack,1,1,23610.0,Political violence,3693.0,14.651,46.62
2024-05-18,Middle East,Yemen,Shabwah,Violence against civilians,Attack,3,4,67076.0,Political violence,3693.0,14.651,46.62
2024-05-25,Middle East,Yemen,Shabwah,Violence against civilians,Attack,1,1,23610.0,Political violence,3693.0,14.651,46.62
2024-06-01,Middle East,Yemen,Shabwah,Violence against civilians,Attack,1,1,17523.0,Political violence,3693.0,14.651,46.62
2024-06-22,Middle East,Yemen,Shabwah,Violence against civilians,Attack,2,1,43628.0,Political violence,3693.0,14.651,46.62
2024-06-29,Middle East,Yemen,Shabwah,Violence against civilians,Attack,4,3,45616.0,Political violence,3693.0,14.651,46.62
2024-08-03,Middle East,Yemen,Shabwah,Violence against civilians,Attack,3,0,58602.0,Political violence,3693.0,14.651,46.62
2024-08-10,Middle East,Yemen,Shabwah,Violence against civilians,Attack,1,1,1491.0,Political violence,3693.0,14.651,46.62
2024-08-17,Middle East,Yemen,Shabwah,Violence against civilians,Attack,1,0,19927.0,Political violence,3693.0,14.651,46.62
2024-08-31,Middle East,Yemen,Shabwah,Violence against civilians,Attack,1,1,43570.0,Political violence,3693.0,14.651,46.62
2024-11-09,Middle East,Yemen,Shabwah,Violence against civilians,Attack,1,0,19927.0,Political violence,3693.0,14.651,46.62
2024-11-23,Middle East,Yemen,Shabwah,Violence against civilians,Attack,1,1,23610.0,Political violence,3693.0,14.651,46.62
2024-12-28,Middle East,Yemen,Shabwah,Violence against civilians,Attack,1,2,23610.0,Political violence,3693.0,14.651,46.62
2025-01-11,Middle East,Yemen,Shabwah,Violence against civilians,Attack,1,1,36907.0,Political violence,3693.0,14.651,46.62
2025-02-08,Middle East,Yemen,Shabwah,Violence against civilians,Attack,1,1,456.0,Political violence,3693.0,14.651,46.62
2025-04-12,Middle East,Yemen,Shabwah,Violence against civilians,Attack,1,1,22534.0,Political violence,3693.0,14.651,46.62
2025-04-26,Middle East,Yemen,Shabwah,Violence against civilians,Attack,1,1,24623.0,Political violence,3693.0,14.651,46.62
2025-05-24,Middle East,Yemen,Shabwah,Violence against civilians,Attack,1,0,26664.0,Political violence,3693.0,14.651,46.62
2025-06-07,Middle East,Yemen,Shabwah,Violence against civilians,Attack,2,2,40569.0,Political violence,3693.0,14.651,46.62
2025-07-05,Middle East,Yemen,Shabwah,Violence against civilians,Attack,1,1,27509.0,Political violence,3693.0,14.651,46.62
2025-07-19,Middle East,Yemen,Shabwah,Violence against civilians,Attack,1,0,9.0,Political violence,3693.0,14.651,46.62
2025-08-09,Middle East,Yemen,Shabwah,Violence against civilians,Attack,1,0,29721.0,Political violence,3693.0,14.651,46.62
2025-08-16,Middle East,Yemen,Shabwah,Violence against civilians,Attack,2,1,57524.0,Political violence,3693.0,14.651,46.62
2025-08-30,Middle East,Yemen,Shabwah,Violence against civilians,Attack,2,1,16562.0,Political violence,3693.0,14.651,46.62
2025-09-06,Middle East,Yemen,Shabwah,Violence against civilians,Attack,1,2,12244.0,Political violence,3693.0,14.651,46.62
2025-09-13,Middle East,Yemen,Shabwah,Violence against civilians,Attack,1,1,9113.0,Political violence,3693.0,14.651,46.62
2025-10-18,Middle East,Yemen,Shabwah,Violence against civilians,Attack,3,0,26742.0,Political violence,3693.0,14.651,46.62
2025-11-08,Middle East,Yemen,Shabwah,Violence against civilians,Attack,1,1,3557.0,Political violence,3693.0,14.651,46.62
2025-11-29,Middle East,Yemen,Shabwah,Violence against civilians,Attack,1,1,38511.0,Political violence,3693.0,14.651,46.62
2025-12-06,Middle East,Yemen,Shabwah,Violence against civilians,Attack,3,3,25731.0,Political violence,3693.0,14.651,46.62
2025-12-13,Middle East,Yemen,Shabwah,Violence against civilians,Attack,2,2,20894.0,Political violence,3693.0,14.651,46.62
2025-12-20,Middle East,Yemen,Shabwah,Violence against civilians,Attack,1,0,19176.0,Political violence,3693.0,14.651,46.62
2025-12-27,Middle East,Yemen,Shabwah,Violence against civilians,Attack,1,0,497.0,Political violence,3693.0,14.651,46.62
2026-01-03,Middle East,Yemen,Shabwah,Violence against civilians,Attack,1,1,39608.0,Political violence,3693.0,14.651,46.62
2026-02-28,Middle East,Yemen,Shabwah,Violence against civilians,Attack,2,1,27568.0,Political violence,3693.0,14.651,46.62
2026-03-14,Middle East,Yemen,Shabwah,Violence against civilians,Attack,1,1,21330.0,Political violence,3693.0,14.651,46.62
2026-04-04,Middle East,Yemen,Shabwah,Violence against civilians,Attack,2,2,1383.0,Political violence,3693.0,14.651,46.62
2026-04-18,Middle East,Yemen,Shabwah,Violence against civilians,Attack,1,0,27401.0,Political violence,3693.0,14.651,46.62
2023-12-30,Middle East,Yemen,South Red Sea,Battles,Armed clash,1,10,,Political violence,4185.0,15.5791,40.9906
2024-07-13,Middle East,Yemen,South Red Sea,Battles,Armed clash,1,0,,Political violence,4185.0,15.5791,40.9906
2024-08-17,Middle East,Yemen,South Red Sea,Battles,Armed clash,1,0,,Political violence,4185.0,15.5791,40.9906
2025-07-05,Middle East,Yemen,South Red Sea,Battles,Armed clash,3,4,,Political violence,4185.0,15.5791,40.9906
2025-11-29,Middle East,Yemen,South Red Sea,Battles,Armed clash,1,0,,Political violence,4185.0,15.5791,40.9906
2023-11-25,Middle East,Yemen,South Red Sea,Explosions/Remote violence,Air/drone strike,1,0,,Political violence,4185.0,15.5791,40.9906
2023-12-09,Middle East,Yemen,South Red Sea,Explosions/Remote violence,Air/drone strike,1,0,,Political violence,4185.0,15.5791,40.9906
2023-12-23,Middle East,Yemen,South Red Sea,Explosions/Remote violence,Air/drone strike,1,0,,Political violence,4185.0,15.5791,40.9906
2024-01-06,Middle East,Yemen,South Red Sea,Explosions/Remote violence,Air/drone strike,1,0,,Political violence,4185.0,15.5791,40.9906
2024-01-20,Middle East,Yemen,South Red Sea,Explosions/Remote violence,Air/drone strike,1,0,,Political violence,4185.0,15.5791,40.9906
2024-02-03,Middle East,Yemen,South Red Sea,Explosions/Remote violence,Air/drone strike,1,0,,Political violence,4185.0,15.5791,40.9906
2024-02-24,Middle East,Yemen,South Red Sea,Explosions/Remote violence,Air/drone strike,1,1,,Political violence,4185.0,15.5791,40.9906
2024-03-09,Middle East,Yemen,South Red Sea,Explosions/Remote violence,Air/drone strike,1,0,,Political violence,4185.0,15.5791,40.9906
2024-04-27,Middle East,Yemen,South Red Sea,Explosions/Remote violence,Air/drone strike,1,0,,Political violence,4185.0,15.5791,40.9906
2024-05-11,Middle East,Yemen,South Red Sea,Explosions/Remote violence,Air/drone strike,1,0,,Political violence,4185.0,15.5791,40.9906
2024-05-25,Middle East,Yemen,South Red Sea,Explosions/Remote violence,Air/drone strike,1,0,,Political violence,4185.0,15.5791,40.9906
2024-06-01,Middle East,Yemen,South Red Sea,Explosions/Remote violence,Air/drone strike,3,0,,Political violence,4185.0,15.5791,40.9906
2024-07-06,Middle East,Yemen,South Red Sea,Explosions/Remote violence,Air/drone strike,1,0,,Political violence,4185.0,15.5791,40.9906
2024-07-20,Middle East,Yemen,South Red Sea,Explosions/Remote violence,Air/drone strike,1,0,,Political violence,4185.0,15.5791,40.9906
2024-08-10,Middle East,Yemen,South Red Sea,Explosions/Remote violence,Air/drone strike,1,1,,Political violence,4185.0,15.5791,40.9906
2024-08-17,Middle East,Yemen,South Red Sea,Explosions/Remote violence,Air/drone strike,1,0,,Political violence,4185.0,15.5791,40.9906
2024-08-31,Middle East,Yemen,South Red Sea,Explosions/Remote violence,Air/drone strike,1,0,,Political violence,4185.0,15.5791,40.9906
2024-09-21,Middle East,Yemen,South Red Sea,Explosions/Remote violence,Air/drone strike,1,0,,Political violence,4185.0,15.5791,40.9906
2024-10-05,Middle East,Yemen,South Red Sea,Explosions/Remote violence,Air/drone strike,1,0,,Political violence,4185.0,15.5791,40.9906
2025-08-30,Middle East,Yemen,South Red Sea,Explosions/Remote violence,Air/drone strike,1,0,,Political violence,4185.0,15.5791,40.9906
2023-12-02,Middle East,Yemen,South Red Sea,Explosions/Remote violence,Shelling/artillery/missile attack,1,0,,Political violence,4185.0,15.5791,40.9906
2023-12-23,Middle East,Yemen,South Red Sea,Explosions/Remote violence,Shelling/artillery/missile attack,1,0,,Political violence,4185.0,15.5791,40.9906
2024-01-13,Middle East,Yemen,South Red Sea,Explosions/Remote violence,Shelling/artillery/missile attack,1,0,,Political violence,4185.0,15.5791,40.9906
2024-01-27,Middle East,Yemen,South Red Sea,Explosions/Remote violence,Shelling/artillery/missile attack,1,0,,Political violence,4185.0,15.5791,40.9906
2024-02-03,Middle East,Yemen,South Red Sea,Explosions/Remote violence,Shelling/artillery/missile attack,1,0,,Political violence,4185.0,15.5791,40.9906
2024-02-10,Middle East,Yemen,South Red Sea,Explosions/Remote violence,Shelling/artillery/missile attack,1,0,,Political violence,4185.0,15.5791,40.9906
2024-02-24,Middle East,Yemen,South Red Sea,Explosions/Remote violence,Shelling/artillery/missile attack,1,0,,Political violence,4185.0,15.5791,40.9906
2024-03-02,Middle East,Yemen,South Red Sea,Explosions/Remote violence,Shelling/artillery/missile attack,1,0,,Political violence,4185.0,15.5791,40.9906
2024-03-09,Middle East,Yemen,South Red Sea,Explosions/Remote violence,Shelling/artillery/missile attack,6,0,,Political violence,4185.0,15.5791,40.9906
2024-03-16,Middle East,Yemen,South Red Sea,Explosions/Remote violence,Shelling/artillery/missile attack,1,0,,Political violence,4185.0,15.5791,40.9906
2024-03-23,Middle East,Yemen,South Red Sea,Explosions/Remote violence,Shelling/artillery/missile attack,1,0,,Political violence,4185.0,15.5791,40.9906
2024-04-06,Middle East,Yemen,South Red Sea,Explosions/Remote violence,Shelling/artillery/missile attack,1,0,,Political violence,4185.0,15.5791,40.9906
2024-04-20,Middle East,Yemen,South Red Sea,Explosions/Remote violence,Shelling/artillery/missile attack,1,0,,Political violence,4185.0,15.5791,40.9906
2024-05-25,Middle East,Yemen,South Red Sea,Explosions/Remote violence,Shelling/artillery/missile attack,5,0,,Political violence,4185.0,15.5791,40.9906
2024-06-01,Middle East,Yemen,South Red Sea,Explosions/Remote violence,Shelling/artillery/missile attack,3,0,,Political violence,4185.0,15.5791,40.9906
2024-06-08,Middle East,Yemen,South Red Sea,Explosions/Remote violence,Shelling/artillery/missile attack,3,0,,Political violence,4185.0,15.5791,40.9906
2024-06-15,Middle East,Yemen,South Red Sea,Explosions/Remote violence,Shelling/artillery/missile attack,1,0,,Political violence,4185.0,15.5791,40.9906
2024-06-22,Middle East,Yemen,South Red Sea,Explosions/Remote violence,Shelling/artillery/missile attack,3,0,,Political violence,4185.0,15.5791,40.9906
2024-07-13,Middle East,Yemen,South Red Sea,Explosions/Remote violence,Shelling/artillery/missile attack,2,0,,Political violence,4185.0,15.5791,40.9906
2024-08-03,Middle East,Yemen,South Red Sea,Explosions/Remote violence,Shelling/artillery/missile attack,2,0,,Political violence,4185.0,15.5791,40.9906
2024-08-10,Middle East,Yemen,South Red Sea,Explosions/Remote violence,Shelling/artillery/missile attack,2,0,,Political violence,4185.0,15.5791,40.9906
2024-08-31,Middle East,Yemen,South Red Sea,Explosions/Remote violence,Shelling/artillery/missile attack,1,0,,Political violence,4185.0,15.5791,40.9906
2024-09-28,Middle East,Yemen,South Red Sea,Explosions/Remote violence,Shelling/artillery/missile attack,2,0,,Political violence,4185.0,15.5791,40.9906
2024-10-05,Middle East,Yemen,South Red Sea,Explosions/Remote violence,Shelling/artillery/missile attack,2,0,,Political violence,4185.0,15.5791,40.9906
2024-11-09,Middle East,Yemen,South Red Sea,Explosions/Remote violence,Shelling/artillery/missile attack,1,0,,Political violence,4185.0,15.5791,40.9906
2025-02-15,Middle East,Yemen,South Red Sea,Explosions/Remote violence,Shelling/artillery/missile attack,1,0,,Political violence,4185.0,15.5791,40.9906
2025-03-15,Middle East,Yemen,South Red Sea,Explosions/Remote violence,Shelling/artillery/missile attack,1,0,,Political violence,4185.0,15.5791,40.9906
2025-07-05,Middle East,Yemen,South Red Sea,Explosions/Remote violence,Shelling/artillery/missile attack,1,0,,Political violence,4185.0,15.5791,40.9906
2025-08-30,Middle East,Yemen,South Red Sea,Explosions/Remote violence,Shelling/artillery/missile attack,1,0,,Political violence,4185.0,15.5791,40.9906
2023-11-18,Middle East,Yemen,South Red Sea,Violence against civilians,Abduction/forced disappearance,1,0,,Political violence,4185.0,15.5791,40.9906
2024-08-17,Middle East,Yemen,South Red Sea,Violence against civilians,Attack,2,1,,Political violence,4185.0,15.5791,40.9906
2024-10-05,Middle East,Yemen,South Red Sea,Violence against civilians,Attack,1,0,,Political violence,4185.0,15.5791,40.9906
2024-10-12,Middle East,Yemen,South Red Sea,Violence against civilians,Attack,1,0,,Political violence,4185.0,15.5791,40.9906
2025-07-19,Middle East,Yemen,South Red Sea,Violence against civilians,Attack,1,0,,Political violence,4185.0,15.5791,40.9906
2023-12-09,Middle East,Yemen,Strait of Bab el Mandeb,Battles,Armed clash,1,0,,Political violence,4186.0,12.613,43.3362
2023-12-09,Middle East,Yemen,Strait of Bab el Mandeb,Explosions/Remote violence,Air/drone strike,1,0,,Political violence,4186.0,12.613,43.3362
2023-12-16,Middle East,Yemen,Strait of Bab el Mandeb,Explosions/Remote violence,Air/drone strike,2,0,,Political violence,4186.0,12.613,43.3362
2023-12-23,Middle East,Yemen,Strait of Bab el Mandeb,Explosions/Remote violence,Air/drone strike,2,0,,Political violence,4186.0,12.613,43.3362
2024-02-17,Middle East,Yemen,Strait of Bab el Mandeb,Explosions/Remote violence,Air/drone strike,1,0,,Political violence,4186.0,12.613,43.3362
2023-12-02,Middle East,Yemen,Strait of Bab el Mandeb,Explosions/Remote violence,Shelling/artillery/missile attack,3,0,,Political violence,4186.0,12.613,43.3362
2023-12-09,Middle East,Yemen,Strait of Bab el Mandeb,Explosions/Remote violence,Shelling/artillery/missile attack,3,0,,Political violence,4186.0,12.613,43.3362
2023-12-30,Middle East,Yemen,Strait of Bab el Mandeb,Explosions/Remote violence,Shelling/artillery/missile attack,2,0,,Political violence,4186.0,12.613,43.3362
2024-01-06,Middle East,Yemen,Strait of Bab el Mandeb,Explosions/Remote violence,Shelling/artillery/missile attack,1,0,,Political violence,4186.0,12.613,43.3362
2024-01-20,Middle East,Yemen,Strait of Bab el Mandeb,Explosions/Remote violence,Shelling/artillery/missile attack,1,0,,Political violence,4186.0,12.613,43.3362
2024-02-10,Middle East,Yemen,Strait of Bab el Mandeb,Explosions/Remote violence,Shelling/artillery/missile attack,1,0,,Political violence,4186.0,12.613,43.3362
2024-02-17,Middle East,Yemen,Strait of Bab el Mandeb,Explosions/Remote violence,Shelling/artillery/missile attack,1,0,,Political violence,4186.0,12.613,43.3362
2024-03-23,Middle East,Yemen,Strait of Bab el Mandeb,Explosions/Remote violence,Shelling/artillery/missile attack,1,0,,Political violence,4186.0,12.613,43.3362
2024-04-13,Middle East,Yemen,Strait of Bab el Mandeb,Explosions/Remote violence,Shelling/artillery/missile attack,1,0,,Political violence,4186.0,12.613,43.3362
2024-05-18,Middle East,Yemen,Strait of Bab el Mandeb,Explosions/Remote violence,Shelling/artillery/missile attack,2,0,,Political violence,4186.0,12.613,43.3362
2024-06-01,Middle East,Yemen,Strait of Bab el Mandeb,Explosions/Remote violence,Shelling/artillery/missile attack,1,0,,Political violence,4186.0,12.613,43.3362
2024-06-15,Middle East,Yemen,Strait of Bab el Mandeb,Explosions/Remote violence,Shelling/artillery/missile attack,1,0,,Political violence,4186.0,12.613,43.3362
2024-07-06,Middle East,Yemen,Strait of Bab el Mandeb,Explosions/Remote violence,Shelling/artillery/missile attack,2,0,,Political violence,4186.0,12.613,43.3362
2024-08-03,Middle East,Yemen,Strait of Bab el Mandeb,Explosions/Remote violence,Shelling/artillery/missile attack,1,0,,Political violence,4186.0,12.613,43.3362
2024-10-26,Middle East,Yemen,Strait of Bab el Mandeb,Explosions/Remote violence,Shelling/artillery/missile attack,1,0,,Political violence,4186.0,12.613,43.3362
2024-11-16,Middle East,Yemen,Strait of Bab el Mandeb,Explosions/Remote violence,Shelling/artillery/missile attack,1,0,,Political violence,4186.0,12.613,43.3362
2024-04-06,Middle East,Yemen,Suqutra,Violence against civilians,Abduction/forced disappearance,1,0,52200.0,Political violence,3694.0,12.5081,53.893
2025-05-17,Middle East,Yemen,Suqutra,Violence against civilians,Abduction/forced disappearance,1,0,53572.0,Political violence,3694.0,12.5081,53.893
2026-01-03,Middle East,Yemen,Suqutra,Violence against civilians,Abduction/forced disappearance,2,0,55657.0,Political violence,3694.0,12.5081,53.893
2026-01-24,Middle East,Yemen,Suqutra,Violence against civilians,Abduction/forced disappearance,1,0,55657.0,Political violence,3694.0,12.5081,53.893
2025-01-18,Middle East,Yemen,Suqutra,Violence against civilians,Attack,1,0,53572.0,Political violence,3694.0,12.5081,53.893
2023-10-07,Middle East,Yemen,Taizz,Battles,Armed clash,2,0,12441.0,Political violence,3695.0,13.2949,43.7855
2023-10-14,Middle East,Yemen,Taizz,Battles,Armed clash,2,3,1039.0,Political violence,3695.0,13.2949,43.7855
2023-10-21,Middle East,Yemen,Taizz,Battles,Armed clash,2,0,75740.0,Political violence,3695.0,13.2949,43.7855
2023-10-28,Middle East,Yemen,Taizz,Battles,Armed clash,2,0,39462.0,Political violence,3695.0,13.2949,43.7855
2023-11-04,Middle East,Yemen,Taizz,Battles,Armed clash,12,3,91617.0,Political violence,3695.0,13.2949,43.7855
2023-11-11,Middle East,Yemen,Taizz,Battles,Armed clash,4,0,53908.0,Political violence,3695.0,13.2949,43.7855
2023-11-18,Middle East,Yemen,Taizz,Battles,Armed clash,1,0,34510.0,Political violence,3695.0,13.2949,43.7855
2023-11-25,Middle East,Yemen,Taizz,Battles,Armed clash,2,1,33863.0,Political violence,3695.0,13.2949,43.7855
2023-12-02,Middle East,Yemen,Taizz,Battles,Armed clash,2,0,9302.0,Political violence,3695.0,13.2949,43.7855
2023-12-09,Middle East,Yemen,Taizz,Battles,Armed clash,4,0,72755.0,Political violence,3695.0,13.2949,43.7855
2023-12-16,Middle East,Yemen,Taizz,Battles,Armed clash,1,0,53675.0,Political violence,3695.0,13.2949,43.7855
2023-12-23,Middle East,Yemen,Taizz,Battles,Armed clash,4,6,36575.0,Political violence,3695.0,13.2949,43.7855
2023-12-30,Middle East,Yemen,Taizz,Battles,Armed clash,3,3,62745.0,Political violence,3695.0,13.2949,43.7855
2024-01-06,Middle East,Yemen,Taizz,Battles,Armed clash,4,0,51229.0,Political violence,3695.0,13.2949,43.7855
2024-01-13,Middle East,Yemen,Taizz,Battles,Armed clash,5,6,118290.0,Political violence,3695.0,13.2949,43.7855
2024-01-20,Middle East,Yemen,Taizz,Battles,Armed clash,3,0,47831.0,Political violence,3695.0,13.2949,43.7855
2024-01-27,Middle East,Yemen,Taizz,Battles,Armed clash,1,0,33858.0,Political violence,3695.0,13.2949,43.7855
2024-02-03,Middle East,Yemen,Taizz,Battles,Armed clash,7,5,179235.0,Political violence,3695.0,13.2949,43.7855
2024-02-10,Middle East,Yemen,Taizz,Battles,Armed clash,2,1,33858.0,Political violence,3695.0,13.2949,43.7855
2024-02-17,Middle East,Yemen,Taizz,Battles,Armed clash,6,6,110234.0,Political violence,3695.0,13.2949,43.7855
2024-02-24,Middle East,Yemen,Taizz,Battles,Armed clash,3,4,31495.0,Political violence,3695.0,13.2949,43.7855
2024-03-02,Middle East,Yemen,Taizz,Battles,Armed clash,3,0,318702.0,Political violence,3695.0,13.2949,43.7855
2024-03-09,Middle East,Yemen,Taizz,Battles,Armed clash,1,0,92403.0,Political violence,3695.0,13.2949,43.7855
2024-03-16,Middle East,Yemen,Taizz,Battles,Armed clash,3,0,407530.0,Political violence,3695.0,13.2949,43.7855
2024-03-30,Middle East,Yemen,Taizz,Battles,Armed clash,1,0,112059.0,Political violence,3695.0,13.2949,43.7855
2024-04-06,Middle East,Yemen,Taizz,Battles,Armed clash,1,2,22847.0,Political violence,3695.0,13.2949,43.7855
2024-04-13,Middle East,Yemen,Taizz,Battles,Armed clash,1,0,22833.0,Political violence,3695.0,13.2949,43.7855
2024-04-20,Middle East,Yemen,Taizz,Battles,Armed clash,4,10,52968.0,Political violence,3695.0,13.2949,43.7855
2024-04-27,Middle East,Yemen,Taizz,Battles,Armed clash,1,0,55960.0,Political violence,3695.0,13.2949,43.7855
2024-05-04,Middle East,Yemen,Taizz,Battles,Armed clash,4,10,63778.0,Political violence,3695.0,13.2949,43.7855
2024-05-11,Middle East,Yemen,Taizz,Battles,Armed clash,5,20,189164.0,Political violence,3695.0,13.2949,43.7855
2024-05-18,Middle East,Yemen,Taizz,Battles,Armed clash,5,9,34798.0,Political violence,3695.0,13.2949,43.7855
2024-05-25,Middle East,Yemen,Taizz,Battles,Armed clash,10,6,27132.0,Political violence,3695.0,13.2949,43.7855
2024-06-01,Middle East,Yemen,Taizz,Battles,Armed clash,12,8,18800.0,Political violence,3695.0,13.2949,43.7855
2024-06-08,Middle East,Yemen,Taizz,Battles,Armed clash,10,3,11265.0,Political violence,3695.0,13.2949,43.7855
2024-06-15,Middle East,Yemen,Taizz,Battles,Armed clash,9,2,66211.0,Political violence,3695.0,13.2949,43.7855
2024-06-22,Middle East,Yemen,Taizz,Battles,Armed clash,15,12,108726.0,Political violence,3695.0,13.2949,43.7855
2024-06-29,Middle East,Yemen,Taizz,Battles,Armed clash,26,15,94306.0,Political violence,3695.0,13.2949,43.7855
2024-07-06,Middle East,Yemen,Taizz,Battles,Armed clash,4,2,28002.0,Political violence,3695.0,13.2949,43.7855
2024-07-13,Middle East,Yemen,Taizz,Battles,Armed clash,13,9,65687.0,Political violence,3695.0,13.2949,43.7855
2024-07-20,Middle East,Yemen,Taizz,Battles,Armed clash,9,5,87740.0,Political violence,3695.0,13.2949,43.7855
2024-07-27,Middle East,Yemen,Taizz,Battles,Armed clash,9,3,7161.0,Political violence,3695.0,13.2949,43.7855
2024-08-03,Middle East,Yemen,Taizz,Battles,Armed clash,5,3,65194.0,Political violence,3695.0,13.2949,43.7855
2024-08-10,Middle East,Yemen,Taizz,Battles,Armed clash,10,6,32921.0,Political violence,3695.0,13.2949,43.7855
2024-08-17,Middle East,Yemen,Taizz,Battles,Armed clash,8,0,111398.0,Political violence,3695.0,13.2949,43.7855
2024-08-24,Middle East,Yemen,Taizz,Battles,Armed clash,9,1,9684.0,Political violence,3695.0,13.2949,43.7855
2024-09-07,Middle East,Yemen,Taizz,Battles,Armed clash,7,2,55677.0,Political violence,3695.0,13.2949,43.7855
2024-09-14,Middle East,Yemen,Taizz,Battles,Armed clash,10,2,45597.0,Political violence,3695.0,13.2949,43.7855
2024-09-21,Middle East,Yemen,Taizz,Battles,Armed clash,12,0,9978.0,Political violence,3695.0,13.2949,43.7855
2024-09-28,Middle East,Yemen,Taizz,Battles,Armed clash,10,20,79536.0,Political violence,3695.0,13.2949,43.7855
2024-10-05,Middle East,Yemen,Taizz,Battles,Armed clash,1,0,85384.0,Political violence,3695.0,13.2949,43.7855
2024-10-12,Middle East,Yemen,Taizz,Battles,Armed clash,4,11,79702.0,Political violence,3695.0,13.2949,43.7855
2024-10-19,Middle East,Yemen,Taizz,Battles,Armed clash,11,15,160015.0,Political violence,3695.0,13.2949,43.7855
2024-10-26,Middle East,Yemen,Taizz,Battles,Armed clash,10,4,79702.0,Political violence,3695.0,13.2949,43.7855
2024-11-02,Middle East,Yemen,Taizz,Battles,Armed clash,4,1,27711.0,Political violence,3695.0,13.2949,43.7855
2024-11-09,Middle East,Yemen,Taizz,Battles,Armed clash,14,3,149957.0,Political violence,3695.0,13.2949,43.7855
2024-11-16,Middle East,Yemen,Taizz,Battles,Armed clash,6,3,125589.0,Political violence,3695.0,13.2949,43.7855
2024-11-23,Middle East,Yemen,Taizz,Battles,Armed clash,1,1,11519.0,Political violence,3695.0,13.2949,43.7855
2024-11-30,Middle East,Yemen,Taizz,Battles,Armed clash,11,12,71161.0,Political violence,3695.0,13.2949,43.7855
2024-12-07,Middle East,Yemen,Taizz,Battles,Armed clash,6,2,62321.0,Political violence,3695.0,13.2949,43.7855
2024-12-14,Middle East,Yemen,Taizz,Battles,Armed clash,6,3,108888.0,Political violence,3695.0,13.2949,43.7855
2024-12-21,Middle East,Yemen,Taizz,Battles,Armed clash,9,11,150551.0,Political violence,3695.0,13.2949,43.7855
2024-12-28,Middle East,Yemen,Taizz,Battles,Armed clash,6,0,174980.0,Political violence,3695.0,13.2949,43.7855
2025-01-04,Middle East,Yemen,Taizz,Battles,Armed clash,10,5,166973.0,Political violence,3695.0,13.2949,43.7855
2025-01-11,Middle East,Yemen,Taizz,Battles,Armed clash,8,12,55702.0,Political violence,3695.0,13.2949,43.7855
2025-01-18,Middle East,Yemen,Taizz,Battles,Armed clash,6,1,73398.0,Political violence,3695.0,13.2949,43.7855
2025-01-25,Middle East,Yemen,Taizz,Battles,Armed clash,8,11,241387.0,Political violence,3695.0,13.2949,43.7855
2025-02-01,Middle East,Yemen,Taizz,Battles,Armed clash,1,0,1406.0,Political violence,3695.0,13.2949,43.7855
2025-02-08,Middle East,Yemen,Taizz,Battles,Armed clash,1,0,3956.0,Political violence,3695.0,13.2949,43.7855
2025-02-15,Middle East,Yemen,Taizz,Battles,Armed clash,1,3,7666.0,Political violence,3695.0,13.2949,43.7855
2025-02-22,Middle East,Yemen,Taizz,Battles,Armed clash,6,8,106105.0,Political violence,3695.0,13.2949,43.7855
2025-03-01,Middle East,Yemen,Taizz,Battles,Armed clash,1,0,34706.0,Political violence,3695.0,13.2949,43.7855
2025-03-08,Middle East,Yemen,Taizz,Battles,Armed clash,9,4,198663.0,Political violence,3695.0,13.2949,43.7855
2025-03-15,Middle East,Yemen,Taizz,Battles,Armed clash,3,1,101767.0,Political violence,3695.0,13.2949,43.7855
2025-03-22,Middle East,Yemen,Taizz,Battles,Armed clash,1,0,13561.0,Political violence,3695.0,13.2949,43.7855
2025-03-29,Middle East,Yemen,Taizz,Battles,Armed clash,2,4,51813.0,Political violence,3695.0,13.2949,43.7855
2025-04-05,Middle East,Yemen,Taizz,Battles,Armed clash,9,4,185137.0,Political violence,3695.0,13.2949,43.7855
2025-04-12,Middle East,Yemen,Taizz,Battles,Armed clash,5,4,54872.0,Political violence,3695.0,13.2949,43.7855
2025-05-03,Middle East,Yemen,Taizz,Battles,Armed clash,3,1,43182.0,Political violence,3695.0,13.2949,43.7855
2025-05-10,Middle East,Yemen,Taizz,Battles,Armed clash,2,2,81460.0,Political violence,3695.0,13.2949,43.7855
2025-05-17,Middle East,Yemen,Taizz,Battles,Armed clash,3,4,40669.0,Political violence,3695.0,13.2949,43.7855
2025-05-24,Middle East,Yemen,Taizz,Battles,Armed clash,1,10,4954.0,Political violence,3695.0,13.2949,43.7855
2025-05-31,Middle East,Yemen,Taizz,Battles,Armed clash,3,0,121338.0,Political violence,3695.0,13.2949,43.7855
2025-06-21,Middle East,Yemen,Taizz,Battles,Armed clash,1,3,1562.0,Political violence,3695.0,13.2949,43.7855
2025-06-28,Middle East,Yemen,Taizz,Battles,Armed clash,2,10,12290.0,Political violence,3695.0,13.2949,43.7855
2025-07-05,Middle East,Yemen,Taizz,Battles,Armed clash,2,1,65446.0,Political violence,3695.0,13.2949,43.7855
2025-07-19,Middle East,Yemen,Taizz,Battles,Armed clash,1,0,26153.0,Political violence,3695.0,13.2949,43.7855
2025-08-02,Middle East,Yemen,Taizz,Battles,Armed clash,1,0,14446.0,Political violence,3695.0,13.2949,43.7855
2025-08-09,Middle East,Yemen,Taizz,Battles,Armed clash,2,1,44601.0,Political violence,3695.0,13.2949,43.7855
2025-08-30,Middle East,Yemen,Taizz,Battles,Armed clash,1,0,13561.0,Political violence,3695.0,13.2949,43.7855
2025-09-06,Middle East,Yemen,Taizz,Battles,Armed clash,4,8,66664.0,Political violence,3695.0,13.2949,43.7855
2025-09-13,Middle East,Yemen,Taizz,Battles,Armed clash,2,0,31095.0,Political violence,3695.0,13.2949,43.7855
2025-09-20,Middle East,Yemen,Taizz,Battles,Armed clash,1,1,10359.0,Political violence,3695.0,13.2949,43.7855
2025-09-27,Middle East,Yemen,Taizz,Battles,Armed clash,4,3,74985.0,Political violence,3695.0,13.2949,43.7855
2025-10-04,Middle East,Yemen,Taizz,Battles,Armed clash,5,0,86426.0,Political violence,3695.0,13.2949,43.7855
2025-10-11,Middle East,Yemen,Taizz,Battles,Armed clash,2,3,31747.0,Political violence,3695.0,13.2949,43.7855
2025-10-18,Middle East,Yemen,Taizz,Battles,Armed clash,3,4,40768.0,Political violence,3695.0,13.2949,43.7855
2025-11-01,Middle East,Yemen,Taizz,Battles,Armed clash,1,1,7573.0,Political violence,3695.0,13.2949,43.7855
2025-11-15,Middle East,Yemen,Taizz,Battles,Armed clash,2,0,12399.0,Political violence,3695.0,13.2949,43.7855
2025-11-22,Middle East,Yemen,Taizz,Battles,Armed clash,2,0,,Political violence,3695.0,13.2949,43.7855
2025-11-29,Middle East,Yemen,Taizz,Battles,Armed clash,4,2,109604.0,Political violence,3695.0,13.2949,43.7855
2025-12-06,Middle East,Yemen,Taizz,Battles,Armed clash,7,15,106000.0,Political violence,3695.0,13.2949,43.7855
2025-12-13,Middle East,Yemen,Taizz,Battles,Armed clash,3,0,19443.0,Political violence,3695.0,13.2949,43.7855
2025-12-20,Middle East,Yemen,Taizz,Battles,Armed clash,2,4,74381.0,Political violence,3695.0,13.2949,43.7855
2026-01-03,Middle East,Yemen,Taizz,Battles,Armed clash,1,1,5092.0,Political violence,3695.0,13.2949,43.7855
2026-01-10,Middle East,Yemen,Taizz,Battles,Armed clash,10,1,195013.0,Political violence,3695.0,13.2949,43.7855
2026-01-17,Middle East,Yemen,Taizz,Battles,Armed clash,3,3,107168.0,Political violence,3695.0,13.2949,43.7855
2026-01-24,Middle East,Yemen,Taizz,Battles,Armed clash,4,5,114346.0,Political violence,3695.0,13.2949,43.7855
2026-01-31,Middle East,Yemen,Taizz,Battles,Armed clash,6,36,136503.0,Political violence,3695.0,13.2949,43.7855
2026-02-07,Middle East,Yemen,Taizz,Battles,Armed clash,1,0,22413.0,Political violence,3695.0,13.2949,43.7855
2026-02-21,Middle East,Yemen,Taizz,Battles,Armed clash,2,1,6009.0,Political violence,3695.0,13.2949,43.7855
2026-02-28,Middle East,Yemen,Taizz,Battles,Armed clash,1,1,22413.0,Political violence,3695.0,13.2949,43.7855
2026-03-07,Middle East,Yemen,Taizz,Battles,Armed clash,5,21,120187.0,Political violence,3695.0,13.2949,43.7855
2026-03-14,Middle East,Yemen,Taizz,Battles,Armed clash,2,2,83332.0,Political violence,3695.0,13.2949,43.7855
2026-03-21,Middle East,Yemen,Taizz,Battles,Armed clash,3,3,10691.0,Political violence,3695.0,13.2949,43.7855
2026-03-28,Middle East,Yemen,Taizz,Battles,Armed clash,2,3,18801.0,Political violence,3695.0,13.2949,43.7855
2026-04-04,Middle East,Yemen,Taizz,Battles,Armed clash,4,7,,Political violence,3695.0,13.2949,43.7855
2026-04-11,Middle East,Yemen,Taizz,Battles,Armed clash,4,2,,Political violence,3695.0,13.2949,43.7855
2026-04-18,Middle East,Yemen,Taizz,Battles,Armed clash,2,2,,Political violence,3695.0,13.2949,43.7855
2023-10-14,Middle East,Yemen,Taizz,Explosions/Remote violence,Air/drone strike,2,0,31021.0,Political violence,3695.0,13.2949,43.7855
2023-10-21,Middle East,Yemen,Taizz,Explosions/Remote violence,Air/drone strike,1,1,9775.0,Political violence,3695.0,13.2949,43.7855
2023-11-18,Middle East,Yemen,Taizz,Explosions/Remote violence,Air/drone strike,1,0,11679.0,Political violence,3695.0,13.2949,43.7855
2023-12-02,Middle East,Yemen,Taizz,Explosions/Remote violence,Air/drone strike,1,0,99.0,Political violence,3695.0,13.2949,43.7855
2023-12-30,Middle East,Yemen,Taizz,Explosions/Remote violence,Air/drone strike,1,2,39079.0,Political violence,3695.0,13.2949,43.7855
2024-01-06,Middle East,Yemen,Taizz,Explosions/Remote violence,Air/drone strike,5,2,100209.0,Political violence,3695.0,13.2949,43.7855
2024-01-20,Middle East,Yemen,Taizz,Explosions/Remote violence,Air/drone strike,2,0,105932.0,Political violence,3695.0,13.2949,43.7855
2024-02-03,Middle East,Yemen,Taizz,Explosions/Remote violence,Air/drone strike,3,0,115219.0,Political violence,3695.0,13.2949,43.7855
2024-02-24,Middle East,Yemen,Taizz,Explosions/Remote violence,Air/drone strike,3,1,39454.0,Political violence,3695.0,13.2949,43.7855
2024-03-23,Middle East,Yemen,Taizz,Explosions/Remote violence,Air/drone strike,1,0,5569.0,Political violence,3695.0,13.2949,43.7855
2024-04-27,Middle East,Yemen,Taizz,Explosions/Remote violence,Air/drone strike,1,5,1276.0,Political violence,3695.0,13.2949,43.7855
2024-05-11,Middle East,Yemen,Taizz,Explosions/Remote violence,Air/drone strike,1,1,2877.0,Political violence,3695.0,13.2949,43.7855
2024-05-18,Middle East,Yemen,Taizz,Explosions/Remote violence,Air/drone strike,1,1,39671.0,Political violence,3695.0,13.2949,43.7855
2024-05-25,Middle East,Yemen,Taizz,Explosions/Remote violence,Air/drone strike,1,0,19091.0,Political violence,3695.0,13.2949,43.7855
2024-06-01,Middle East,Yemen,Taizz,Explosions/Remote violence,Air/drone strike,1,0,10858.0,Political violence,3695.0,13.2949,43.7855
2024-06-22,Middle East,Yemen,Taizz,Explosions/Remote violence,Air/drone strike,1,0,23165.0,Political violence,3695.0,13.2949,43.7855
2024-07-13,Middle East,Yemen,Taizz,Explosions/Remote violence,Air/drone strike,3,0,40520.0,Political violence,3695.0,13.2949,43.7855
2024-08-03,Middle East,Yemen,Taizz,Explosions/Remote violence,Air/drone strike,1,0,22820.0,Political violence,3695.0,13.2949,43.7855
2024-09-07,Middle East,Yemen,Taizz,Explosions/Remote violence,Air/drone strike,2,0,26632.0,Political violence,3695.0,13.2949,43.7855
2024-10-19,Middle East,Yemen,Taizz,Explosions/Remote violence,Air/drone strike,2,0,22397.0,Political violence,3695.0,13.2949,43.7855
2024-11-09,Middle East,Yemen,Taizz,Explosions/Remote violence,Air/drone strike,1,0,9656.0,Political violence,3695.0,13.2949,43.7855
2024-11-30,Middle East,Yemen,Taizz,Explosions/Remote violence,Air/drone strike,2,8,53462.0,Political violence,3695.0,13.2949,43.7855
2024-12-07,Middle East,Yemen,Taizz,Explosions/Remote violence,Air/drone strike,1,0,24608.0,Political violence,3695.0,13.2949,43.7855
2024-12-21,Middle East,Yemen,Taizz,Explosions/Remote violence,Air/drone strike,2,0,59907.0,Political violence,3695.0,13.2949,43.7855
2025-01-04,Middle East,Yemen,Taizz,Explosions/Remote violence,Air/drone strike,1,0,12630.0,Political violence,3695.0,13.2949,43.7855
2025-02-22,Middle East,Yemen,Taizz,Explosions/Remote violence,Air/drone strike,1,0,17107.0,Political violence,3695.0,13.2949,43.7855
2025-03-15,Middle East,Yemen,Taizz,Explosions/Remote violence,Air/drone strike,1,2,13561.0,Political violence,3695.0,13.2949,43.7855
2025-03-29,Middle East,Yemen,Taizz,Explosions/Remote violence,Air/drone strike,1,0,21501.0,Political violence,3695.0,13.2949,43.7855
2025-04-19,Middle East,Yemen,Taizz,Explosions/Remote violence,Air/drone strike,3,3,129131.0,Political violence,3695.0,13.2949,43.7855
2025-04-26,Middle East,Yemen,Taizz,Explosions/Remote violence,Air/drone strike,6,0,113887.0,Political violence,3695.0,13.2949,43.7855
2025-05-24,Middle East,Yemen,Taizz,Explosions/Remote violence,Air/drone strike,1,1,15459.0,Political violence,3695.0,13.2949,43.7855
2025-06-28,Middle East,Yemen,Taizz,Explosions/Remote violence,Air/drone strike,1,1,10723.0,Political violence,3695.0,13.2949,43.7855
2026-02-07,Middle East,Yemen,Taizz,Explosions/Remote violence,Air/drone strike,1,0,31345.0,Political violence,3695.0,13.2949,43.7855
2026-03-28,Middle East,Yemen,Taizz,Explosions/Remote violence,Air/drone strike,1,1,5020.0,Political violence,3695.0,13.2949,43.7855
2026-04-04,Middle East,Yemen,Taizz,Explosions/Remote violence,Air/drone strike,2,1,,Political violence,3695.0,13.2949,43.7855
2026-04-11,Middle East,Yemen,Taizz,Explosions/Remote violence,Air/drone strike,1,0,,Political violence,3695.0,13.2949,43.7855
2023-10-07,Middle East,Yemen,Taizz,Explosions/Remote violence,Shelling/artillery/missile attack,8,2,66837.0,Political violence,3695.0,13.2949,43.7855
2023-10-21,Middle East,Yemen,Taizz,Explosions/Remote violence,Shelling/artillery/missile attack,5,1,21542.0,Political violence,3695.0,13.2949,43.7855
2023-10-28,Middle East,Yemen,Taizz,Explosions/Remote violence,Shelling/artillery/missile attack,1,0,67951.0,Political violence,3695.0,13.2949,43.7855
2023-11-04,Middle East,Yemen,Taizz,Explosions/Remote violence,Shelling/artillery/missile attack,4,0,43803.0,Political violence,3695.0,13.2949,43.7855
2023-11-18,Middle East,Yemen,Taizz,Explosions/Remote violence,Shelling/artillery/missile attack,3,0,14094.0,Political violence,3695.0,13.2949,43.7855
2023-12-02,Middle East,Yemen,Taizz,Explosions/Remote violence,Shelling/artillery/missile attack,1,0,9078.0,Political violence,3695.0,13.2949,43.7855
2023-12-23,Middle East,Yemen,Taizz,Explosions/Remote violence,Shelling/artillery/missile attack,2,0,49803.0,Political violence,3695.0,13.2949,43.7855
2023-12-30,Middle East,Yemen,Taizz,Explosions/Remote violence,Shelling/artillery/missile attack,1,0,7109.0,Political violence,3695.0,13.2949,43.7855
2024-01-06,Middle East,Yemen,Taizz,Explosions/Remote violence,Shelling/artillery/missile attack,5,3,79275.0,Political violence,3695.0,13.2949,43.7855
2024-01-13,Middle East,Yemen,Taizz,Explosions/Remote violence,Shelling/artillery/missile attack,1,0,1014.0,Political violence,3695.0,13.2949,43.7855
2024-01-20,Middle East,Yemen,Taizz,Explosions/Remote violence,Shelling/artillery/missile attack,3,0,92804.0,Political violence,3695.0,13.2949,43.7855
2024-02-03,Middle East,Yemen,Taizz,Explosions/Remote violence,Shelling/artillery/missile attack,3,1,45803.0,Political violence,3695.0,13.2949,43.7855
2024-02-17,Middle East,Yemen,Taizz,Explosions/Remote violence,Shelling/artillery/missile attack,3,0,133811.0,Political violence,3695.0,13.2949,43.7855
2024-02-24,Middle East,Yemen,Taizz,Explosions/Remote violence,Shelling/artillery/missile attack,1,0,70849.0,Political violence,3695.0,13.2949,43.7855
2024-03-02,Middle East,Yemen,Taizz,Explosions/Remote violence,Shelling/artillery/missile attack,1,0,59395.0,Political violence,3695.0,13.2949,43.7855
2024-03-16,Middle East,Yemen,Taizz,Explosions/Remote violence,Shelling/artillery/missile attack,4,0,219863.0,Political violence,3695.0,13.2949,43.7855
2024-03-30,Middle East,Yemen,Taizz,Explosions/Remote violence,Shelling/artillery/missile attack,2,0,97245.0,Political violence,3695.0,13.2949,43.7855
2024-04-06,Middle East,Yemen,Taizz,Explosions/Remote violence,Shelling/artillery/missile attack,1,0,68363.0,Political violence,3695.0,13.2949,43.7855
2024-04-13,Middle East,Yemen,Taizz,Explosions/Remote violence,Shelling/artillery/missile attack,5,10,129359.0,Political violence,3695.0,13.2949,43.7855
2024-05-04,Middle East,Yemen,Taizz,Explosions/Remote violence,Shelling/artillery/missile attack,1,0,3323.0,Political violence,3695.0,13.2949,43.7855
2024-06-01,Middle East,Yemen,Taizz,Explosions/Remote violence,Shelling/artillery/missile attack,4,0,56768.0,Political violence,3695.0,13.2949,43.7855
2024-06-08,Middle East,Yemen,Taizz,Explosions/Remote violence,Shelling/artillery/missile attack,1,0,5014.0,Political violence,3695.0,13.2949,43.7855
2024-06-15,Middle East,Yemen,Taizz,Explosions/Remote violence,Shelling/artillery/missile attack,1,0,23237.0,Political violence,3695.0,13.2949,43.7855
2024-06-22,Middle East,Yemen,Taizz,Explosions/Remote violence,Shelling/artillery/missile attack,1,0,21564.0,Political violence,3695.0,13.2949,43.7855
2024-06-29,Middle East,Yemen,Taizz,Explosions/Remote violence,Shelling/artillery/missile attack,4,0,53764.0,Political violence,3695.0,13.2949,43.7855
2024-07-06,Middle East,Yemen,Taizz,Explosions/Remote violence,Shelling/artillery/missile attack,8,4,134615.0,Political violence,3695.0,13.2949,43.7855
2024-07-13,Middle East,Yemen,Taizz,Explosions/Remote violence,Shelling/artillery/missile attack,9,0,124422.0,Political violence,3695.0,13.2949,43.7855
2024-07-20,Middle East,Yemen,Taizz,Explosions/Remote violence,Shelling/artillery/missile attack,1,0,6123.0,Political violence,3695.0,13.2949,43.7855
2024-08-10,Middle East,Yemen,Taizz,Explosions/Remote violence,Shelling/artillery/missile attack,1,0,21564.0,Political violence,3695.0,13.2949,43.7855
2024-08-17,Middle East,Yemen,Taizz,Explosions/Remote violence,Shelling/artillery/missile attack,1,0,21564.0,Political violence,3695.0,13.2949,43.7855
2024-08-24,Middle East,Yemen,Taizz,Explosions/Remote violence,Shelling/artillery/missile attack,1,0,6123.0,Political violence,3695.0,13.2949,43.7855
2024-08-31,Middle East,Yemen,Taizz,Explosions/Remote violence,Shelling/artillery/missile attack,1,0,70849.0,Political violence,3695.0,13.2949,43.7855
2024-09-07,Middle East,Yemen,Taizz,Explosions/Remote violence,Shelling/artillery/missile attack,1,0,28.0,Political violence,3695.0,13.2949,43.7855
2024-09-21,Middle East,Yemen,Taizz,Explosions/Remote violence,Shelling/artillery/missile attack,2,1,18876.0,Political violence,3695.0,13.2949,43.7855
2024-10-12,Middle East,Yemen,Taizz,Explosions/Remote violence,Shelling/artillery/missile attack,2,0,174.0,Political violence,3695.0,13.2949,43.7855
2024-10-19,Middle East,Yemen,Taizz,Explosions/Remote violence,Shelling/artillery/missile attack,5,0,32876.0,Political violence,3695.0,13.2949,43.7855
2024-11-02,Middle East,Yemen,Taizz,Explosions/Remote violence,Shelling/artillery/missile attack,2,0,19726.0,Political violence,3695.0,13.2949,43.7855
2024-11-23,Middle East,Yemen,Taizz,Explosions/Remote violence,Shelling/artillery/missile attack,2,0,54968.0,Political violence,3695.0,13.2949,43.7855
2024-11-30,Middle East,Yemen,Taizz,Explosions/Remote violence,Shelling/artillery/missile attack,3,0,97112.0,Political violence,3695.0,13.2949,43.7855
2024-12-07,Middle East,Yemen,Taizz,Explosions/Remote violence,Shelling/artillery/missile attack,1,0,19678.0,Political violence,3695.0,13.2949,43.7855
2024-12-14,Middle East,Yemen,Taizz,Explosions/Remote violence,Shelling/artillery/missile attack,3,0,124066.0,Political violence,3695.0,13.2949,43.7855
2024-12-21,Middle East,Yemen,Taizz,Explosions/Remote violence,Shelling/artillery/missile attack,5,3,87129.0,Political violence,3695.0,13.2949,43.7855
2024-12-28,Middle East,Yemen,Taizz,Explosions/Remote violence,Shelling/artillery/missile attack,7,0,107671.0,Political violence,3695.0,13.2949,43.7855
2025-01-04,Middle East,Yemen,Taizz,Explosions/Remote violence,Shelling/artillery/missile attack,3,0,29355.0,Political violence,3695.0,13.2949,43.7855
2025-01-18,Middle East,Yemen,Taizz,Explosions/Remote violence,Shelling/artillery/missile attack,1,0,7168.0,Political violence,3695.0,13.2949,43.7855
2025-02-08,Middle East,Yemen,Taizz,Explosions/Remote violence,Shelling/artillery/missile attack,1,0,24805.0,Political violence,3695.0,13.2949,43.7855
2025-02-15,Middle East,Yemen,Taizz,Explosions/Remote violence,Shelling/artillery/missile attack,3,0,99874.0,Political violence,3695.0,13.2949,43.7855
2025-02-22,Middle East,Yemen,Taizz,Explosions/Remote violence,Shelling/artillery/missile attack,2,0,43060.0,Political violence,3695.0,13.2949,43.7855
2025-03-01,Middle East,Yemen,Taizz,Explosions/Remote violence,Shelling/artillery/missile attack,1,0,4954.0,Political violence,3695.0,13.2949,43.7855
2025-03-08,Middle East,Yemen,Taizz,Explosions/Remote violence,Shelling/artillery/missile attack,1,0,11393.0,Political violence,3695.0,13.2949,43.7855
2025-03-15,Middle East,Yemen,Taizz,Explosions/Remote violence,Shelling/artillery/missile attack,1,0,10723.0,Political violence,3695.0,13.2949,43.7855
2025-03-22,Middle East,Yemen,Taizz,Explosions/Remote violence,Shelling/artillery/missile attack,1,0,10723.0,Political violence,3695.0,13.2949,43.7855
2025-04-05,Middle East,Yemen,Taizz,Explosions/Remote violence,Shelling/artillery/missile attack,2,0,22670.0,Political violence,3695.0,13.2949,43.7855
2025-04-19,Middle East,Yemen,Taizz,Explosions/Remote violence,Shelling/artillery/missile attack,1,0,1308.0,Political violence,3695.0,13.2949,43.7855
2025-04-26,Middle East,Yemen,Taizz,Explosions/Remote violence,Shelling/artillery/missile attack,4,2,68924.0,Political violence,3695.0,13.2949,43.7855
2025-05-03,Middle East,Yemen,Taizz,Explosions/Remote violence,Shelling/artillery/missile attack,1,1,18140.0,Political violence,3695.0,13.2949,43.7855
2025-05-10,Middle East,Yemen,Taizz,Explosions/Remote violence,Shelling/artillery/missile attack,2,0,30158.0,Political violence,3695.0,13.2949,43.7855
2025-05-17,Middle East,Yemen,Taizz,Explosions/Remote violence,Shelling/artillery/missile attack,1,0,21449.0,Political violence,3695.0,13.2949,43.7855
2025-05-24,Middle East,Yemen,Taizz,Explosions/Remote violence,Shelling/artillery/missile attack,1,1,1347.0,Political violence,3695.0,13.2949,43.7855
2025-05-31,Middle East,Yemen,Taizz,Explosions/Remote violence,Shelling/artillery/missile attack,3,0,77665.0,Political violence,3695.0,13.2949,43.7855
2025-06-07,Middle East,Yemen,Taizz,Explosions/Remote violence,Shelling/artillery/missile attack,1,0,55109.0,Political violence,3695.0,13.2949,43.7855
2025-06-14,Middle East,Yemen,Taizz,Explosions/Remote violence,Shelling/artillery/missile attack,1,0,95523.0,Political violence,3695.0,13.2949,43.7855
2025-07-05,Middle East,Yemen,Taizz,Explosions/Remote violence,Shelling/artillery/missile attack,2,5,26303.0,Political violence,3695.0,13.2949,43.7855
2025-07-12,Middle East,Yemen,Taizz,Explosions/Remote violence,Shelling/artillery/missile attack,2,1,12827.0,Political violence,3695.0,13.2949,43.7855
2025-07-26,Middle East,Yemen,Taizz,Explosions/Remote violence,Shelling/artillery/missile attack,1,1,10027.0,Political violence,3695.0,13.2949,43.7855
2025-08-09,Middle East,Yemen,Taizz,Explosions/Remote violence,Shelling/artillery/missile attack,2,1,30653.0,Political violence,3695.0,13.2949,43.7855
2025-09-06,Middle East,Yemen,Taizz,Explosions/Remote violence,Shelling/artillery/missile attack,1,1,1406.0,Political violence,3695.0,13.2949,43.7855
2025-10-18,Middle East,Yemen,Taizz,Explosions/Remote violence,Shelling/artillery/missile attack,1,0,1406.0,Political violence,3695.0,13.2949,43.7855
2025-10-25,Middle East,Yemen,Taizz,Explosions/Remote violence,Shelling/artillery/missile attack,1,0,29.0,Political violence,3695.0,13.2949,43.7855
2025-11-01,Middle East,Yemen,Taizz,Explosions/Remote violence,Shelling/artillery/missile attack,2,0,29090.0,Political violence,3695.0,13.2949,43.7855
2025-11-15,Middle East,Yemen,Taizz,Explosions/Remote violence,Shelling/artillery/missile attack,1,0,26721.0,Political violence,3695.0,13.2949,43.7855
2025-11-29,Middle East,Yemen,Taizz,Explosions/Remote violence,Shelling/artillery/missile attack,5,0,89658.0,Political violence,3695.0,13.2949,43.7855
2025-12-06,Middle East,Yemen,Taizz,Explosions/Remote violence,Shelling/artillery/missile attack,5,0,79658.0,Political violence,3695.0,13.2949,43.7855
2026-01-10,Middle East,Yemen,Taizz,Explosions/Remote violence,Shelling/artillery/missile attack,3,1,85432.0,Political violence,3695.0,13.2949,43.7855
2026-01-24,Middle East,Yemen,Taizz,Explosions/Remote violence,Shelling/artillery/missile attack,1,2,,Political violence,3695.0,13.2949,43.7855
2026-01-31,Middle East,Yemen,Taizz,Explosions/Remote violence,Shelling/artillery/missile attack,3,3,2961.0,Political violence,3695.0,13.2949,43.7855
2026-02-07,Middle East,Yemen,Taizz,Explosions/Remote violence,Shelling/artillery/missile attack,1,0,28260.0,Political violence,3695.0,13.2949,43.7855
2026-03-14,Middle East,Yemen,Taizz,Explosions/Remote violence,Shelling/artillery/missile attack,1,5,8823.0,Political violence,3695.0,13.2949,43.7855
2026-04-04,Middle East,Yemen,Taizz,Explosions/Remote violence,Shelling/artillery/missile attack,1,0,,Political violence,3695.0,13.2949,43.7855
2026-04-11,Middle East,Yemen,Taizz,Explosions/Remote violence,Shelling/artillery/missile attack,3,4,,Political violence,3695.0,13.2949,43.7855
2026-04-18,Middle East,Yemen,Taizz,Explosions/Remote violence,Shelling/artillery/missile attack,1,1,,Political violence,3695.0,13.2949,43.7855
2024-03-30,Middle East,Yemen,Taizz,Violence against civilians,Abduction/forced disappearance,1,0,526.0,Political violence,3695.0,13.2949,43.7855
2024-07-06,Middle East,Yemen,Taizz,Violence against civilians,Abduction/forced disappearance,1,0,16988.0,Political violence,3695.0,13.2949,43.7855
2024-07-20,Middle East,Yemen,Taizz,Violence against civilians,Abduction/forced disappearance,1,0,28023.0,Political violence,3695.0,13.2949,43.7855
2024-08-10,Middle East,Yemen,Taizz,Violence against civilians,Abduction/forced disappearance,1,0,52180.0,Political violence,3695.0,13.2949,43.7855
2024-08-17,Middle East,Yemen,Taizz,Violence against civilians,Abduction/forced disappearance,1,0,1881.0,Political violence,3695.0,13.2949,43.7855
2024-09-21,Middle East,Yemen,Taizz,Violence against civilians,Abduction/forced disappearance,3,0,86571.0,Political violence,3695.0,13.2949,43.7855
2024-10-05,Middle East,Yemen,Taizz,Violence against civilians,Abduction/forced disappearance,1,0,27746.0,Political violence,3695.0,13.2949,43.7855
2024-10-12,Middle East,Yemen,Taizz,Violence against civilians,Abduction/forced disappearance,1,0,15.0,Political violence,3695.0,13.2949,43.7855
2024-12-14,Middle East,Yemen,Taizz,Violence against civilians,Abduction/forced disappearance,1,0,44526.0,Political violence,3695.0,13.2949,43.7855
2025-01-18,Middle East,Yemen,Taizz,Violence against civilians,Abduction/forced disappearance,1,0,25478.0,Political violence,3695.0,13.2949,43.7855
2025-02-15,Middle East,Yemen,Taizz,Violence against civilians,Abduction/forced disappearance,1,0,13923.0,Political violence,3695.0,13.2949,43.7855
2025-04-19,Middle East,Yemen,Taizz,Violence against civilians,Abduction/forced disappearance,1,0,54004.0,Political violence,3695.0,13.2949,43.7855
2025-05-31,Middle East,Yemen,Taizz,Violence against civilians,Abduction/forced disappearance,2,0,29116.0,Political violence,3695.0,13.2949,43.7855
2025-06-28,Middle East,Yemen,Taizz,Violence against civilians,Abduction/forced disappearance,2,0,50792.0,Political violence,3695.0,13.2949,43.7855
2025-07-19,Middle East,Yemen,Taizz,Violence against civilians,Abduction/forced disappearance,3,0,101919.0,Political violence,3695.0,13.2949,43.7855
2025-07-26,Middle East,Yemen,Taizz,Violence against civilians,Abduction/forced disappearance,4,0,64137.0,Political violence,3695.0,13.2949,43.7855
2025-08-09,Middle East,Yemen,Taizz,Violence against civilians,Abduction/forced disappearance,6,0,103953.0,Political violence,3695.0,13.2949,43.7855
2025-08-23,Middle East,Yemen,Taizz,Violence against civilians,Abduction/forced disappearance,2,0,17915.0,Political violence,3695.0,13.2949,43.7855
2025-08-30,Middle East,Yemen,Taizz,Violence against civilians,Abduction/forced disappearance,2,0,66977.0,Political violence,3695.0,13.2949,43.7855
2025-09-06,Middle East,Yemen,Taizz,Violence against civilians,Abduction/forced disappearance,1,0,62002.0,Political violence,3695.0,13.2949,43.7855
2025-09-20,Middle East,Yemen,Taizz,Violence against civilians,Abduction/forced disappearance,1,0,576.0,Political violence,3695.0,13.2949,43.7855
2025-09-27,Middle East,Yemen,Taizz,Violence against civilians,Abduction/forced disappearance,1,0,7798.0,Political violence,3695.0,13.2949,43.7855
2025-10-04,Middle East,Yemen,Taizz,Violence against civilians,Abduction/forced disappearance,1,0,17853.0,Political violence,3695.0,13.2949,43.7855
2025-10-11,Middle East,Yemen,Taizz,Violence against civilians,Abduction/forced disappearance,3,0,75578.0,Political violence,3695.0,13.2949,43.7855
2025-10-25,Middle East,Yemen,Taizz,Violence against civilians,Abduction/forced disappearance,1,0,15.0,Political violence,3695.0,13.2949,43.7855
2025-11-01,Middle East,Yemen,Taizz,Violence against civilians,Abduction/forced disappearance,2,0,43970.0,Political violence,3695.0,13.2949,43.7855
2025-11-15,Middle East,Yemen,Taizz,Violence against civilians,Abduction/forced disappearance,4,0,155375.0,Political violence,3695.0,13.2949,43.7855
2025-12-20,Middle East,Yemen,Taizz,Violence against civilians,Abduction/forced disappearance,1,0,13190.0,Political violence,3695.0,13.2949,43.7855
2025-12-27,Middle East,Yemen,Taizz,Violence against civilians,Abduction/forced disappearance,1,0,541.0,Political violence,3695.0,13.2949,43.7855
2026-01-03,Middle East,Yemen,Taizz,Violence against civilians,Abduction/forced disappearance,2,0,13939.0,Political violence,3695.0,13.2949,43.7855
2026-01-17,Middle East,Yemen,Taizz,Violence against civilians,Abduction/forced disappearance,1,0,45166.0,Political violence,3695.0,13.2949,43.7855
2026-01-31,Middle East,Yemen,Taizz,Violence against civilians,Abduction/forced disappearance,1,0,45166.0,Political violence,3695.0,13.2949,43.7855
2026-02-07,Middle East,Yemen,Taizz,Violence against civilians,Abduction/forced disappearance,1,0,45166.0,Political violence,3695.0,13.2949,43.7855
2026-02-21,Middle East,Yemen,Taizz,Violence against civilians,Abduction/forced disappearance,1,0,25918.0,Political violence,3695.0,13.2949,43.7855
2026-03-28,Middle East,Yemen,Taizz,Violence against civilians,Abduction/forced disappearance,1,0,,Political violence,3695.0,13.2949,43.7855
2026-04-18,Middle East,Yemen,Taizz,Violence against civilians,Abduction/forced disappearance,1,0,,Political violence,3695.0,13.2949,43.7855
2023-10-07,Middle East,Yemen,Taizz,Violence against civilians,Attack,2,0,32691.0,Political violence,3695.0,13.2949,43.7855
2023-10-14,Middle East,Yemen,Taizz,Violence against civilians,Attack,3,0,86719.0,Political violence,3695.0,13.2949,43.7855
2023-10-21,Middle East,Yemen,Taizz,Violence against civilians,Attack,4,1,86745.0,Political violence,3695.0,13.2949,43.7855
2023-10-28,Middle East,Yemen,Taizz,Violence against civilians,Attack,1,0,24923.0,Political violence,3695.0,13.2949,43.7855
2023-11-11,Middle East,Yemen,Taizz,Violence against civilians,Attack,1,0,26587.0,Political violence,3695.0,13.2949,43.7855
2023-11-18,Middle East,Yemen,Taizz,Violence against civilians,Attack,3,1,30280.0,Political violence,3695.0,13.2949,43.7855
2023-12-02,Middle East,Yemen,Taizz,Violence against civilians,Attack,3,1,28518.0,Political violence,3695.0,13.2949,43.7855
2023-12-09,Middle East,Yemen,Taizz,Violence against civilians,Attack,1,1,9302.0,Political violence,3695.0,13.2949,43.7855
2023-12-16,Middle East,Yemen,Taizz,Violence against civilians,Attack,1,0,857.0,Political violence,3695.0,13.2949,43.7855
2023-12-23,Middle East,Yemen,Taizz,Violence against civilians,Attack,2,1,65847.0,Political violence,3695.0,13.2949,43.7855
2023-12-30,Middle East,Yemen,Taizz,Violence against civilians,Attack,1,1,36387.0,Political violence,3695.0,13.2949,43.7855
2024-01-13,Middle East,Yemen,Taizz,Violence against civilians,Attack,2,1,134078.0,Political violence,3695.0,13.2949,43.7855
2024-01-27,Middle East,Yemen,Taizz,Violence against civilians,Attack,2,0,15516.0,Political violence,3695.0,13.2949,43.7855
2024-02-03,Middle East,Yemen,Taizz,Violence against civilians,Attack,2,1,18208.0,Political violence,3695.0,13.2949,43.7855
2024-02-10,Middle East,Yemen,Taizz,Violence against civilians,Attack,1,1,15733.0,Political violence,3695.0,13.2949,43.7855
2024-03-02,Middle East,Yemen,Taizz,Violence against civilians,Attack,1,1,26990.0,Political violence,3695.0,13.2949,43.7855
2024-03-09,Middle East,Yemen,Taizz,Violence against civilians,Attack,1,1,23420.0,Political violence,3695.0,13.2949,43.7855
2024-03-16,Middle East,Yemen,Taizz,Violence against civilians,Attack,2,2,129638.0,Political violence,3695.0,13.2949,43.7855
2024-03-23,Middle East,Yemen,Taizz,Violence against civilians,Attack,3,2,104866.0,Political violence,3695.0,13.2949,43.7855
2024-03-30,Middle East,Yemen,Taizz,Violence against civilians,Attack,2,0,55585.0,Political violence,3695.0,13.2949,43.7855
2024-04-06,Middle East,Yemen,Taizz,Violence against civilians,Attack,2,1,42886.0,Political violence,3695.0,13.2949,43.7855
2024-04-13,Middle East,Yemen,Taizz,Violence against civilians,Attack,1,1,9707.0,Political violence,3695.0,13.2949,43.7855
2024-04-20,Middle East,Yemen,Taizz,Violence against civilians,Attack,1,0,5926.0,Political violence,3695.0,13.2949,43.7855
2024-04-27,Middle East,Yemen,Taizz,Violence against civilians,Attack,1,0,,Political violence,3695.0,13.2949,43.7855
2024-05-04,Middle East,Yemen,Taizz,Violence against civilians,Attack,2,1,22344.0,Political violence,3695.0,13.2949,43.7855
2024-05-18,Middle East,Yemen,Taizz,Violence against civilians,Attack,1,0,42405.0,Political violence,3695.0,13.2949,43.7855
2024-06-01,Middle East,Yemen,Taizz,Violence against civilians,Attack,3,1,31453.0,Political violence,3695.0,13.2949,43.7855
2024-06-15,Middle East,Yemen,Taizz,Violence against civilians,Attack,1,0,13170.0,Political violence,3695.0,13.2949,43.7855
2024-06-22,Middle East,Yemen,Taizz,Violence against civilians,Attack,1,1,62331.0,Political violence,3695.0,13.2949,43.7855
2024-06-29,Middle East,Yemen,Taizz,Violence against civilians,Attack,4,2,222802.0,Political violence,3695.0,13.2949,43.7855
2024-07-06,Middle East,Yemen,Taizz,Violence against civilians,Attack,2,1,25245.0,Political violence,3695.0,13.2949,43.7855
2024-07-20,Middle East,Yemen,Taizz,Violence against civilians,Attack,2,4,13170.0,Political violence,3695.0,13.2949,43.7855
2024-07-27,Middle East,Yemen,Taizz,Violence against civilians,Attack,2,1,63259.0,Political violence,3695.0,13.2949,43.7855
2024-08-03,Middle East,Yemen,Taizz,Violence against civilians,Attack,1,3,128310.0,Political violence,3695.0,13.2949,43.7855
2024-08-10,Middle East,Yemen,Taizz,Violence against civilians,Attack,2,1,43926.0,Political violence,3695.0,13.2949,43.7855
2024-08-17,Middle East,Yemen,Taizz,Violence against civilians,Attack,1,0,4007.0,Political violence,3695.0,13.2949,43.7855
2024-08-24,Middle East,Yemen,Taizz,Violence against civilians,Attack,1,0,22820.0,Political violence,3695.0,13.2949,43.7855
2024-08-31,Middle East,Yemen,Taizz,Violence against civilians,Attack,1,0,35619.0,Political violence,3695.0,13.2949,43.7855
2024-09-07,Middle East,Yemen,Taizz,Violence against civilians,Attack,3,1,31909.0,Political violence,3695.0,13.2949,43.7855
2024-09-14,Middle East,Yemen,Taizz,Violence against civilians,Attack,1,0,,Political violence,3695.0,13.2949,43.7855
2024-09-21,Middle East,Yemen,Taizz,Violence against civilians,Attack,1,0,13156.0,Political violence,3695.0,13.2949,43.7855
2024-09-28,Middle East,Yemen,Taizz,Violence against civilians,Attack,2,1,76414.0,Political violence,3695.0,13.2949,43.7855
2024-10-05,Middle East,Yemen,Taizz,Violence against civilians,Attack,2,0,49383.0,Political violence,3695.0,13.2949,43.7855
2024-10-12,Middle East,Yemen,Taizz,Violence against civilians,Attack,2,1,27318.0,Political violence,3695.0,13.2949,43.7855
2024-10-19,Middle East,Yemen,Taizz,Violence against civilians,Attack,3,0,7250.0,Political violence,3695.0,13.2949,43.7855
2024-11-09,Middle East,Yemen,Taizz,Violence against civilians,Attack,1,0,34373.0,Political violence,3695.0,13.2949,43.7855
2024-11-23,Middle East,Yemen,Taizz,Violence against civilians,Attack,1,0,5926.0,Political violence,3695.0,13.2949,43.7855
2024-11-30,Middle East,Yemen,Taizz,Violence against civilians,Attack,1,0,10598.0,Political violence,3695.0,13.2949,43.7855
2024-12-07,Middle East,Yemen,Taizz,Violence against civilians,Attack,2,1,154951.0,Political violence,3695.0,13.2949,43.7855
2024-12-14,Middle East,Yemen,Taizz,Violence against civilians,Attack,4,2,43191.0,Political violence,3695.0,13.2949,43.7855
2025-01-04,Middle East,Yemen,Taizz,Violence against civilians,Attack,1,0,13923.0,Political violence,3695.0,13.2949,43.7855
2025-01-18,Middle East,Yemen,Taizz,Violence against civilians,Attack,1,0,17853.0,Political violence,3695.0,13.2949,43.7855
2025-01-25,Middle East,Yemen,Taizz,Violence against civilians,Attack,2,2,41143.0,Political violence,3695.0,13.2949,43.7855
2025-02-01,Middle East,Yemen,Taizz,Violence against civilians,Attack,1,1,29531.0,Political violence,3695.0,13.2949,43.7855
2025-02-08,Middle East,Yemen,Taizz,Violence against civilians,Attack,1,0,33299.0,Political violence,3695.0,13.2949,43.7855
2025-02-15,Middle East,Yemen,Taizz,Violence against civilians,Attack,1,1,13561.0,Political violence,3695.0,13.2949,43.7855
2025-03-01,Middle East,Yemen,Taizz,Violence against civilians,Attack,1,0,13561.0,Political violence,3695.0,13.2949,43.7855
2025-03-08,Middle East,Yemen,Taizz,Violence against civilians,Attack,1,0,1116.0,Political violence,3695.0,13.2949,43.7855
2025-03-15,Middle East,Yemen,Taizz,Violence against civilians,Attack,1,1,5864.0,Political violence,3695.0,13.2949,43.7855
2025-03-22,Middle East,Yemen,Taizz,Violence against civilians,Attack,1,1,13561.0,Political violence,3695.0,13.2949,43.7855
2025-04-05,Middle East,Yemen,Taizz,Violence against civilians,Attack,1,0,7327.0,Political violence,3695.0,13.2949,43.7855
2025-04-12,Middle East,Yemen,Taizz,Violence against civilians,Attack,2,0,61325.0,Political violence,3695.0,13.2949,43.7855
2025-04-26,Middle East,Yemen,Taizz,Violence against civilians,Attack,2,0,49797.0,Political violence,3695.0,13.2949,43.7855
2025-05-03,Middle East,Yemen,Taizz,Violence against civilians,Attack,3,3,87993.0,Political violence,3695.0,13.2949,43.7855
2025-05-10,Middle East,Yemen,Taizz,Violence against civilians,Attack,1,0,13561.0,Political violence,3695.0,13.2949,43.7855
2025-05-17,Middle East,Yemen,Taizz,Violence against civilians,Attack,1,0,16561.0,Political violence,3695.0,13.2949,43.7855
2025-05-24,Middle East,Yemen,Taizz,Violence against civilians,Attack,2,1,25555.0,Political violence,3695.0,13.2949,43.7855
2025-05-31,Middle East,Yemen,Taizz,Violence against civilians,Attack,1,0,6216.0,Political violence,3695.0,13.2949,43.7855
2025-06-07,Middle East,Yemen,Taizz,Violence against civilians,Attack,1,0,13561.0,Political violence,3695.0,13.2949,43.7855
2025-06-21,Middle East,Yemen,Taizz,Violence against civilians,Attack,4,1,40964.0,Political violence,3695.0,13.2949,43.7855
2025-06-28,Middle East,Yemen,Taizz,Violence against civilians,Attack,1,0,14329.0,Political violence,3695.0,13.2949,43.7855
2025-07-19,Middle East,Yemen,Taizz,Violence against civilians,Attack,1,0,54004.0,Political violence,3695.0,13.2949,43.7855
2025-07-26,Middle East,Yemen,Taizz,Violence against civilians,Attack,2,2,120603.0,Political violence,3695.0,13.2949,43.7855
2025-08-02,Middle East,Yemen,Taizz,Violence against civilians,Attack,3,2,88567.0,Political violence,3695.0,13.2949,43.7855
2025-08-09,Middle East,Yemen,Taizz,Violence against civilians,Attack,1,0,63554.0,Political violence,3695.0,13.2949,43.7855
2025-08-16,Middle East,Yemen,Taizz,Violence against civilians,Attack,2,0,17721.0,Political violence,3695.0,13.2949,43.7855
2025-08-23,Middle East,Yemen,Taizz,Violence against civilians,Attack,4,0,64181.0,Political violence,3695.0,13.2949,43.7855
2025-08-30,Middle East,Yemen,Taizz,Violence against civilians,Attack,1,0,16538.0,Political violence,3695.0,13.2949,43.7855
2025-09-13,Middle East,Yemen,Taizz,Violence against civilians,Attack,2,2,29573.0,Political violence,3695.0,13.2949,43.7855
2025-09-20,Middle East,Yemen,Taizz,Violence against civilians,Attack,2,1,23739.0,Political violence,3695.0,13.2949,43.7855
2025-10-18,Middle East,Yemen,Taizz,Violence against civilians,Attack,3,2,64921.0,Political violence,3695.0,13.2949,43.7855
2025-11-01,Middle East,Yemen,Taizz,Violence against civilians,Attack,1,0,13172.0,Political violence,3695.0,13.2949,43.7855
2025-11-08,Middle East,Yemen,Taizz,Violence against civilians,Attack,1,1,2712.0,Political violence,3695.0,13.2949,43.7855
2025-11-22,Middle East,Yemen,Taizz,Violence against civilians,Attack,1,1,2712.0,Political violence,3695.0,13.2949,43.7855
2025-11-29,Middle East,Yemen,Taizz,Violence against civilians,Attack,1,0,28363.0,Political violence,3695.0,13.2949,43.7855
2025-12-06,Middle East,Yemen,Taizz,Violence against civilians,Attack,2,2,58447.0,Political violence,3695.0,13.2949,43.7855
2025-12-13,Middle East,Yemen,Taizz,Violence against civilians,Attack,2,0,55639.0,Political violence,3695.0,13.2949,43.7855
2025-12-20,Middle East,Yemen,Taizz,Violence against civilians,Attack,1,1,63554.0,Political violence,3695.0,13.2949,43.7855
2025-12-27,Middle East,Yemen,Taizz,Violence against civilians,Attack,1,1,5247.0,Political violence,3695.0,13.2949,43.7855
2026-01-10,Middle East,Yemen,Taizz,Violence against civilians,Attack,1,0,12124.0,Political violence,3695.0,13.2949,43.7855
2026-01-24,Middle East,Yemen,Taizz,Violence against civilians,Attack,2,2,25579.0,Political violence,3695.0,13.2949,43.7855
2026-01-31,Middle East,Yemen,Taizz,Violence against civilians,Attack,3,1,7738.0,Political violence,3695.0,13.2949,43.7855
2026-02-07,Middle East,Yemen,Taizz,Violence against civilians,Attack,1,0,16639.0,Political violence,3695.0,13.2949,43.7855
2026-02-14,Middle East,Yemen,Taizz,Violence against civilians,Attack,2,1,21041.0,Political violence,3695.0,13.2949,43.7855
2026-02-28,Middle East,Yemen,Taizz,Violence against civilians,Attack,1,1,94984.0,Political violence,3695.0,13.2949,43.7855
2026-03-14,Middle East,Yemen,Taizz,Violence against civilians,Attack,2,2,61730.0,Political violence,3695.0,13.2949,43.7855
2026-03-21,Middle East,Yemen,Taizz,Violence against civilians,Attack,2,1,22413.0,Political violence,3695.0,13.2949,43.7855
2026-03-28,Middle East,Yemen,Taizz,Violence against civilians,Attack,1,1,,Political violence,3695.0,13.2949,43.7855
2026-04-04,Middle East,Yemen,Taizz,Violence against civilians,Attack,4,2,675.0,Political violence,3695.0,13.2949,43.7855
2026-04-18,Middle East,Yemen,Taizz,Violence against civilians,Attack,1,0,,Political violence,3695.0,13.2949,43.7855
2024-06-01,Middle East,Yemen,West Arabian Sea,Explosions/Remote violence,Air/drone strike,1,0,,Political violence,4187.0,13.8711,57.1292
2024-06-15,Middle East,Yemen,West Arabian Sea,Explosions/Remote violence,Air/drone strike,1,0,,Political violence,4187.0,13.8711,57.1292
2024-07-06,Middle East,Yemen,West Arabian Sea,Explosions/Remote violence,Air/drone strike,1,0,,Political violence,4187.0,13.8711,57.1292
2024-09-28,Middle East,Yemen,West Arabian Sea,Explosions/Remote violence,Air/drone strike,1,0,,Political violence,4187.0,13.8711,57.1292
2024-10-12,Middle East,Yemen,West Arabian Sea,Explosions/Remote violence,Air/drone strike,1,0,,Political violence,4187.0,13.8711,57.1292
2024-10-26,Middle East,Yemen,West Arabian Sea,Explosions/Remote violence,Air/drone strike,1,0,,Political violence,4187.0,13.8711,57.1292
2024-11-09,Middle East,Yemen,West Arabian Sea,Explosions/Remote violence,Air/drone strike,1,0,,Political violence,4187.0,13.8711,57.1292
2024-12-21,Middle East,Yemen,West Arabian Sea,Explosions/Remote violence,Air/drone strike,1,0,,Political violence,4187.0,13.8711,57.1292
2025-04-12,Middle East,Yemen,West Arabian Sea,Explosions/Remote violence,Air/drone strike,1,0,,Political violence,4187.0,13.8711,57.1292
2025-04-19,Middle East,Yemen,West Arabian Sea,Explosions/Remote violence,Air/drone strike,2,0,,Political violence,4187.0,13.8711,57.1292
2025-04-26,Middle East,Yemen,West Arabian Sea,Explosions/Remote violence,Air/drone strike,1,0,,Political violence,4187.0,13.8711,57.1292
2024-05-18,Middle East,Yemen,West Arabian Sea,Explosions/Remote violence,Shelling/artillery/missile attack,1,0,,Political violence,4187.0,13.8711,57.1292
2024-05-25,Middle East,Yemen,West Arabian Sea,Explosions/Remote violence,Shelling/artillery/missile attack,2,0,,Political violence,4187.0,13.8711,57.1292
2024-06-01,Middle East,Yemen,West Arabian Sea,Explosions/Remote violence,Shelling/artillery/missile attack,1,0,,Political violence,4187.0,13.8711,57.1292
2024-06-22,Middle East,Yemen,West Arabian Sea,Explosions/Remote violence,Shelling/artillery/missile attack,1,0,,Political violence,4187.0,13.8711,57.1292
2024-06-29,Middle East,Yemen,West Arabian Sea,Explosions/Remote violence,Shelling/artillery/missile attack,1,0,,Political violence,4187.0,13.8711,57.1292
2024-07-06,Middle East,Yemen,West Arabian Sea,Explosions/Remote violence,Shelling/artillery/missile attack,1,0,,Political violence,4187.0,13.8711,57.1292
2024-10-26,Middle East,Yemen,West Arabian Sea,Explosions/Remote violence,Shelling/artillery/missile attack,1,0,,Political violence,4187.0,13.8711,57.1292
